procs -----------memory---------- ---swap-- -----io---- -system-- ------cpu-----
 r  b   swpd   free   buff  cache   si   so    bi    bo   in   cs us sy id wa st
 2  0      0 3531312  23084 297380    0    0     9     3  441  535  6  2 91  0  0
 0  0      0 3504940  23084 297384    0    0     0     0 2177 1419  1  2 97  0  0
 0  0      0 3504940  23084 297384    0    0     0     0   36   42  0  0 100  0  0
 0  0      0 3505444  23092 297384    0    0     0    48  202  325  0  0 100  0  0
 0  0      0 3505444  23092 297384    0    0     0     0   27   23  0  0 100  0  0
 0  0      0 3499256  23092 297384    0    0     0    12 1851 2273  0  1 99  0  0
 0  0      0 3498716  23092 297384    0    0     0     8  145  265  0  1 99  0  0
 0  0      0 3498024  23092 297384    0    0     0     0  836  999  0  0 100  0  0
 0  0      0 3495444  23092 297384    0    0     0    28  474  681  0  1 99  0  0
 1  0      0 3495532  23100 297384    0    0     0    20   94   65  0  0 100  0  0
 3  0      0 3463932  23100 297384    0    0     0   992 8854 11034 19  8 72  0  0
 1  0      0 3447456  23100 297388    0    0     0     0 11640 13302 30  8 61  0  0
 1  0      0 3441640  23100 297392    0    0     0     0 11335 13359 31 10 60  0  0
 2  0      0 3438760  23100 297396    0    0     0     0 11385 13217 32  9 59  0  0
 2  0      0 3433056  23100 297400    0    0     0     8 11842 13724 32 10 59  0  0
 1  0      0 3426908  23108 297404    0    0     0    56 11695 13622 33  9 57  0  0
 4  0      0 3422316  23108 297408    0    0     0     4 11723 13523 31  9 60  0  0
 1  0      0 3419464  23108 297412    0    0     0     0 11718 13850 34 11 55  0  0
 1  0      0 3418664  23108 297420    0    0     0     0 11589 13845 32 10 58  0  0
 4  0      0 3414108  23108 297440    0    0     0     0 12283 14398 32 10 58  0  0
 3  0      0 3412504  23116 297444    0    0     0    72 12038 14322 33 10 57  0  0
procs -----------memory---------- ---swap-- -----io---- -system-- ------cpu-----
 r  b   swpd   free   buff  cache   si   so    bi    bo   in   cs us sy id wa st
 2  0      0 3408708  23116 297444    0    0     0     0 12146 14649 33  9 57  0  0
 4  0      0 3408080  23124 297452    0    0     0    40 12079 14320 31 10 59  0  0
 2  0      0 3407244  23124 297472    0    0     0     0 12236 14325 34  8 59  0  0
 1  0      0 3404864  23124 297476    0    0     0     0 12324 14995 33 10 57  0  0
 1  0      0 3402208  23124 297500    0    0     0     0 12303 14576 32  7 61  0  0
 4  0      0 3399820  23124 297520    0    0     0    32 12204 14751 33 10 58  0  0
 2  0      0 3397516  23132 297524    0    0     0    40 12396 14594 33 10 57  0  0
 1  0      0 3395788  23132 297524    0    0     0     4 12386 14791 33  9 58  0  0
 1  0      0 3392996  23132 297532    0    0     0     0 12255 14598 34  9 57  0  0
 1  0      0 3390156  23132 297552    0    0     0     0 12020 14653 34 11 55  0  0
 1  0      0 3389568  23132 297556    0    0     0    24 10952 12851 31  9 60  0  0
 1  0      0 3386988  23144 297560    0    0     0    28 11291 13700 32 10 58  0  0
 3  0      0 3386856  23144 297576    0    0     0     0 9081 10965 31  8 61  0  0
 3  0      0 3387532  23144 297596    0    0     0     4 11566 13759 30 11 59  0  0
 1  0      0 3386012  23144 297616    0    0     0     0 12488 14766 32 10 59  0  0
 2  0      0 3386080  23144 297620    0    0     0    24 11719 13925 32  9 59  0  0
 1  0      0 3383644  23156 297624    0    0     0    28 12095 14799 35  8 58  0  0
 1  0      0 3381888  23156 297632    0    0     0     0 11465 13813 35  8 57  0  0
 1  0      0 3382028  23156 297668    0    0     0     0 12546 14883 32  8 60  0  0
 1  0      0 3381072  23156 297704    0    0     0     4 12078 14718 33  9 58  0  0
 1  0      0 3377800  23156 297716    0    0     0    24 11098 13036 34  8 58  0  0
procs -----------memory---------- ---swap-- -----io---- -system-- ------cpu-----
 r  b   swpd   free   buff  cache   si   so    bi    bo   in   cs us sy id wa st
 1  0      0 3376872  23168 297736    0    0     0    40 11528 14160 34  8 58  0  0
 3  0      0 3375856  23168 297736    0    0     0     0 12172 14715 33  9 57  0  0
 2  0      0 3377464  23168 297748    0    0     0     0 12662 15552 32  9 58  0  0
 1  0      0 3375640  23168 297732    0    0     0     0 13034 15571 33  9 58  0  0
 4  0      0 3375632  23168 297736    0    0     0    28 12422 15359 32 10 58  0  0
 1  0      0 3375816  23180 297744    0    0     0    32 11930 14380 34  9 57  0  0
 3  0      0 3375564  23180 297748    0    0     0     0 12434 14850 34 10 56  0  0
 1  0      0 3375668  23180 297752    0    0     0     0 10662 12675 35  7 58  0  0
 2  0      0 3377580  23180 297760    0    0     0     0 12634 15271 32  9 58  0  0
 1  0      0 3376880  23180 297764    0    0     0    20 12900 14676 31  9 60  0  0
 1  0      0 3376152  23192 297728    0    0     0    48 12489 15460 32 10 58  0  0
 4  0      0 3375324  23192 297740    0    0     0     0 11942 14280 35  8 57  0  0
 1  0      0 3375348  23192 297728    0    0     0     0 12312 15049 33  9 58  0  0
 1  0      0 3375248  23192 297732    0    0     0     0 12651 15122 33  9 58  0  0
 1  0      0 3375720  23192 297736    0    0     0    24 11481 13996 34  9 57  0  0
 2  0      0 3375760  23204 297756    0    0     0    28 11501 13712 34  7 59  0  0
 2  0      0 3374976  23204 297792    0    0     0     4 12377 15434 32  9 58  0  0
 2  0      0 3377016  23204 297812    0    0     0     0 12234 14721 33  9 58  0  0
 4  0      0 3376040  23204 297796    0    0     0     0 12606 15134 35  7 58  0  0
 4  0      0 3375504  23204 297784    0    0     0    20 12400 14368 30 10 60  0  0
 2  0      0 3377316  23216 297736    0    0     0    40 12292 15072 33 11 57  0  0
procs -----------memory---------- ---swap-- -----io---- -system-- ------cpu-----
 r  b   swpd   free   buff  cache   si   so    bi    bo   in   cs us sy id wa st
 1  0      0 3378096  23216 297744    0    0     0     0 12045 14610 34  9 56  0  0
 2  0      0 3378372  23216 297748    0    0     0     4 12519 15033 34  9 57  0  0
 3  0      0 3377956  23216 297752    0    0     0     0 12124 14423 33  8 59  0  0
 1  0      0 3376896  23216 297788    0    0     0    24 12275 15080 34  8 59  0  0
 1  0      0 3377196  23216 297792    0    0     0     0 11683 13774 33  8 59  0  0
 1  0      0 3376740  23228 297800    0    0     0    28 12113 14784 32 10 58  0  0
 1  0      0 3375480  23228 297788    0    0     0     0 12457 15556 33  9 58  0  0
 1  0      0 3531876  23244 297624    0    0     0    76 24168 48103 41 11 48  0  0
