procs -----------memory---------- ---swap-- -----io---- -system-- ------cpu-----
 r  b   swpd   free   buff  cache   si   so    bi    bo   in   cs us sy id wa st
 3  0      0 201252 238844 6285760    0    0    22  1404 1126 1230 12  9 77  2  0
 0  1      0 313012 238844 6166940    0    0     0 19336 14279 27242  2  7 75 17  0
 0  1      0 313012 238844 6167340    0    0     0 19652 17507 33585  1  5 75 19  0
 1  0      0 309512 238844 6167820    0    0     0 20688 17994 34663  1  6 74 19  0
 0  1      0 307264 238852 6180212    0    0     8 38844 16953 32343  2  5 73 19  0
 1  0      0 248444 238852 6203324    0    0     0 43852 23490 43293  8  9 69 14  0
 1  0      0 244188 238852 6203508    0    0     0  4224 4898 9063  1  1 96  1  0
 1  0      0 242172 238852 6203512    0    0     0  3284  673 1288  0  0 98  1  0
 1  0      0 242172 238852 6203680    0    0     0  8780 5552 9702  1  2 94  3  0
 1  0      0 241416 238852 6203680    0    0     0  4432  576 1085  0  1 98  0  0
12  1      0 233820 238852 6210324    0    0     0 17168 14365 40111 17 21 56  5  0
14  1      0 221320 238852 6216496    0    0     0 27300 18230 76724 42 38 15  5  0
16  0      0 219596 238852 6224080    0    0     0 20716 17415 75773 40 39 15  6  0
13  1      0 207540 238852 6230740    0    0     0 20620 16718 70132 42 38 16  5  0
14  1      0 202140 238852 6237480    0    0     0 24556 17869 68379 41 38 16  5  0
17  0      0 190824 238852 6243844    0    0     0 39456 17897 72198 41 39 16  5  0
10  2      0 187828 238852 6247896    0    0     0 21400 17840 76684 41 38 15  5  0
13  0      0 175452 238856 6257944    0    0     0 25888 17659 77301 39 41 15  4  0
19  0      0 170888 238856 6261080    0    0     0 19148 16675 76143 42 40 14  4  0
 7  0      0 169636 238856 6264024    0    0     0 19484 17114 79929 41 42 12  4  0
16  1      0 162412 238856 6267600    0    0     0 22572 17733 76315 40 41 13  5  0
procs -----------memory---------- ---swap-- -----io---- -system-- ------cpu-----
 r  b   swpd   free   buff  cache   si   so    bi    bo   in   cs us sy id wa st
19  0      0 153424 238856 6275256    0    0     0 24136 16554 89210 41 41 12  5  0
10  1      0 144740 238856 6278716    0    0     0 20464 17204 88647 41 42 12  5  0
16  1      0 140016 238856 6281224    0    0     0 18848 15953 87991 46 39 10  5  0
18  0      0 137392 238856 6283860    0    0     0 27884 17753 83246 39 42 15  5  0
14  1      0 132612 238856 6287052    0    0     0 20156 17151 83626 38 44 13  5  0
17  0      0 132088 238860 6289784    0    0     0 22712 17520 86445 42 38 15  5  0
10  1      0 128300 238860 6298792    0    0     0 26700 18951 78294 39 41 15  5  0
15  1      0 114364 238860 6302520    0    0     0 19840 17011 91131 44 41 11  4  0
11  1      0 114576 238860 6307140    0    0     0 25644 17076 90123 43 43 10  4  0
20  0      0 109740 238860 6311328    0    0     0 37740 17184 83645 40 43 13  4  0
14  0      0  98468 238860 6323012    0    0     0 26172 16846 83101 42 41 12  6  0
20  1      0 138004 238480 6284436    0    0   160 46856 16220 90360 44 40 10  5  0
12  1      0 119176 238480 6288872    0    0    72 20524 13963 83780 44 41 11  4  0
17  1      0 119208 238480 6292244    0    0     0 19148 16103 75579 40 39 15  6  0
10  1      0 119976 238480 6296300    0    0     0 21980 17596 74790 37 43 14  6  0
 7  2      0 117040 238480 6299900    0    0     0 19372 17778 83804 43 38 15  4  0
11  0      0 109564 238480 6307008    0    0     0 23004 15968 89135 44 41 11  5  0
18  0      0 104124 238480 6316512    0    0     0 26004 15353 78233 40 41 14  5  0
16  1      0  97476 238480 6319676    0    0     0 18892 16893 94120 44 41 12  3  0
11  2      0  94280 238480 6322516    0    0     0 19520 16704 90333 41 40 13  5  0
 3  1      0 100172 237972 6319636    0    0    80 41324 15821 78084 40 41 13  6  0
procs -----------memory---------- ---swap-- -----io---- -system-- ------cpu-----
 r  b   swpd   free   buff  cache   si   so    bi    bo   in   cs us sy id wa st
12  1      0 102048 237920 6311804    0    0     0 19776 16758 101674 42 42 12  5  0
15  1      0  94904 237920 6318104    0    0     0 22336 16027 89701 43 41 11  5  0
11  1      0  98348 237916 6316432    0    0     0 19096 16727 91009 45 38 13  4  0
12  1      0 100004 237916 6319244    0    0     0 20604 16684 85942 43 39 13  5  0
11  1      0 104732 237916 6317268    0    0     0 17852 15768 105978 45 40 11  4  0
10  1      0  96900 237752 6320216    0    0     0 22444 16142 86328 41 41 15  4  0
11  1      0  94872 237752 6322216    0    0     0 18264 15496 89091 46 38 11  5  0
11  0      0 111632 237644 6311832    0    0    83 23968 14816 74743 43 38 13  6  0
12  1      0  99976 237644 6314176    0    0     0 19060 16531 92939 45 39 10  5  0
 9  1      0 103784 237628 6312344    0    0    20 26340 17402 90300 44 39 13  5  0
14  0      0 100740 237628 6314612    0    0     0 18500 16895 93952 45 38 13  4  0
17  1      0 100320 237628 6312992    0    0     0 17592 15486 88087 44 39 13  4  0
14  0      0 102012 237628 6312272    0    0     0 19160 17460 96165 43 43 10  4  0
 7  0      0  99368 237628 6314980    0    0     0 22876 18069 80071 37 45 13  6  0
16  0      0 102064 237628 6313828    0    0     0 18916 16622 84380 45 37 13  5  0
15  0      0  98764 237628 6316088    0    0     0 18184 16503 83589 40 39 16  5  0
 3  4      0 102500 237628 6314424    0    0     0 22376 15607 90301 43 41 12  4  0
16  0      0 106612 237628 6311984    0    0     0 19464 17085 82502 42 40 13  5  0
13  1      0  99696 237628 6315344    0    0     0 20608 18004 85775 41 41 14  4  0
18  1      0 111720 237628 6312796    0    0     0 19740 17280 87149 39 42 15  4  0
14  1      0 105116 237628 6314216    0    0     0 32684 15589 105094 48 38 10  4  0
procs -----------memory---------- ---swap-- -----io---- -system-- ------cpu-----
 r  b   swpd   free   buff  cache   si   so    bi    bo   in   cs us sy id wa st
18  0      0 103032 237628 6317892    0    0     0 34360 14952 97541 48 38 10  4  0
13  0      0  98684 237628 6315156    0    0     0 20036 16632 91700 43 39 13  5  0
20  2      0  98812 237628 6314548    0    0     0 20136 17104 83560 44 38 12  5  0
18  0      0 107512 237628 6314212    0    0     0 19272 16999 88976 43 40 12  4  0
21  0      0  97016 237632 6321576    0    0     0 27504 15070 95570 44 39 12  5  0
12  1      0  97652 237636 6316508    0    0     0 19044 15353 91414 42 41 12  5  0
13  2      0 106332 237636 6312212    0    0     0 19428 15099 94799 45 40 10  5  0
 3  0      0 104792 237636 6309692    0    0     0 12424 9298 52847 22 21 55  3  0
