procs -----------memory---------- ---swap-- -----io---- -system-- ------cpu-----
 r  b   swpd   free   buff  cache   si   so    bi    bo   in   cs us sy id wa st
 2  0      0 3530132  24852 298072    0    0     3     1  199  248  3  1 96  0  0
 0  0      0 3504100  24852 298028    0    0     0     0 1918 1365  1  0 98  0  0
 0  0      0 3495956  24852 298164    0    0     0     0 1827 2359  1  1 98  0  0
 0  0      0 3495956  24852 298164    0    0     0     0   38   37  0  0 100  0  0
 1  0      0 3494676  24852 298164    0    0     0     0 1139 1564  0  1 99  0  0
 5  0      0 3494676  24852 298164    0    0     0   972   92   98  0  0 100  0  0
 0  0      0 3491212  24860 298164    0    0     0    60 1262 1658  1  1 98  0  0
 0  0      0 3448576  24860 298164    0    0     0     0 12443 14828 31 10 59  0  0
 2  0      0 3438168  24860 298048    0    0     0     0 12126 14372 37 11 52  0  0
 2  0      0 3430180  24860 298052    0    0     0     0 13479 15414 37 10 52  0  0
 1  0      0 3421744  24860 298108    0    0     0     0 14288 16379 36 12 52  0  0
 1  0      0 3412828  24868 298192    0    0     0    64 14359 16863 37 11 52  0  0
 1  0      0 3404240  24868 298264    0    0     0    36 14612 17068 39 11 50  0  0
 2  0      0 3400008  24868 298288    0    0     0     0 14024 16199 39 10 51  0  0
 1  0      0 3392632  24868 298356    0    0     0     0 13394 16103 39  9 52  0  0
 3  0      0 3389780  24868 298380    0    0     0     0 14316 17098 39 10 51  0  0
 2  0      0 3387828  24876 298420    0    0     0    20 13327 16195 37 11 52  0  0
 1  0      0 3384016  24876 298440    0    0     0    48 13526 16143 39 10 52  0  0
 1  0      0 3381804  24876 298480    0    0     0     0 12665 15202 39 11 50  0  0
 2  0      0 3379972  24876 298488    0    0     0     0 13731 16336 37 11 52  0  0
 3  0      0 3377680  24876 298508    0    0     0     0 13806 16684 39  9 52  0  0
procs -----------memory---------- ---swap-- -----io---- -system-- ------cpu-----
 r  b   swpd   free   buff  cache   si   so    bi    bo   in   cs us sy id wa st
 1  0      0 3371752  24884 298512    0    0     0    32 13674 16280 39 11 51  0  0
 4  0      0 3370460  24884 298516    0    0     0    40 14272 16644 38 13 50  0  0
 1  0      0 3365820  24884 298560    0    0     0     4 12956 15429 38 11 51  0  0
 1  0      0 3362836  24884 298600    0    0     0     0 14018 16892 37 12 51  0  0
 4  0      0 3359852  24884 298616    0    0     0     0 14159 17110 36 11 53  0  0
 2  0      0 3356928  24892 298640    0    0     0    20 13962 16699 39 12 49  0  0
 2  0      0 3355316  24892 298668    0    0     0    36 14009 16664 37 10 53  0  0
 4  0      0 3350632  24892 298672    0    0     0     0 12052 14606 39 11 50  0  0
 3  0      0 3350892  24892 298700    0    0     0     4 11954 14235 38 12 50  0  0
 1  0      0 3349112  24892 298728    0    0     0    12 14773 17694 39 11 49  0  0
 4  0      0 3346884  24904 298768    0    0     0    36 15640 18580 38 12 49  0  0
 4  0      0 3341972  24904 298776    0    0     0    36 14572 17449 39 11 50  0  0
 1  0      0 3340600  24904 298856    0    0     0     0 14058 16835 41 10 50  0  0
 1  0      0 3338584  24904 298880    0    0     0     0 13916 16579 39 11 50  0  0
 4  0      0 3337272  24904 298912    0    0     0     4 15021 17975 38 12 50  0  0
 1  0      0 3336400  24912 298932    0    0     0    40 15501 18733 41 10 49  0  0
 1  0      0 3332224  24912 298968    0    0     0     0 15206 17952 40  9 51  0  0
 4  0      0 3329520  24912 299000    0    0     0    44 13907 16619 40 10 49  0  0
 2  0      0 3327652  24912 299008    0    0     0     0 13883 16264 38  9 52  0  0
 5  0      0 3327244  24912 299040    0    0     0     0 13656 16650 40 10 49  0  0
 1  0      0 3328320  24920 299056    0    0     0    24 13759 16246 37 11 52  0  0
procs -----------memory---------- ---swap-- -----io---- -system-- ------cpu-----
 r  b   swpd   free   buff  cache   si   so    bi    bo   in   cs us sy id wa st
 1  0      0 3326792  24920 299072    0    0     0     0 13599 16700 39 11 51  0  0
 4  0      0 3324016  24920 299136    0    0     0    76 12485 15240 37 11 52  0  0
 1  0      0 3320964  24920 299164    0    0     0     0 12208 14554 36 14 50  0  0
 1  0      0 3319504  24920 299220    0    0     0     0 13848 15710 39 11 50  0  0
 2  0      0 3316120  24932 299312    0    0     0    40 13781 16271 37 11 51  0  0
 4  0      0 3316320  24932 299332    0    0     0     8 14993 17963 42 10 49  0  0
 2  0      0 3316384  24932 299404    0    0     0   144 14182 17060 37 12 51  0  0
 1  0      0 3314924  24932 299424    0    0     0     0 14236 16996 38 11 52  0  0
 1  0      0 3310772  24932 299512    0    0     0     0 14058 16906 38 13 49  0  0
 1  0      0 3309256  24940 299560    0    0     0    24 14371 16542 36 12 52  0  0
 4  0      0 3307196  24940 299592    0    0     0     0 13681 16675 40 11 48  0  0
 1  0      0 3305668  24940 299636    0    0     0   148 12800 15374 38 11 52  0  0
 1  0      0 3304708  24940 299672    0    0     0     0 12831 15178 38 11 51  0  0
 3  0      0 3304696  24940 299700    0    0     0     0 13924 16718 38 12 50  0  0
 2  0      0 3304464  24952 299784    0    0     0    52 13855 16860 38 12 49  0  0
 4  0      0 3304836  24952 299828    0    0     0     0 14703 17954 40 12 49  0  0
 4  0      0 3302872  24952 299904    0    0     0     0 13221 15862 36 10 54  0  0
 1  0      0 3302432  24952 299916    0    0     0     4 13853 16475 38 10 52  0  0
 4  0      0 3301664  24952 299932    0    0     0     0 13537 16317 37 11 52  0  0
 4  0      0 3304336  24960 299944    0    0     0    12 13865 16304 39 10 51  0  0
 3  0      0 3307824  24960 299952    0    0     0     0 13588 16270 38 10 52  0  0
procs -----------memory---------- ---swap-- -----io---- -system-- ------cpu-----
 r  b   swpd   free   buff  cache   si   so    bi    bo   in   cs us sy id wa st
 3  0      0 3312596  24960 299944    0    0     0     0 14199 16906 38 10 52  0  0
 2  0      0 3319924  24960 299928    0    0     0     0 12764 15637 39 11 51  0  0
 2  0      0 3321224  24960 299784    0    0     0     4 13562 16280 38 11 51  0  0
 2  0      0 3320324  24968 299648    0    0     0    12 15084 18059 37 12 51  0  0
