procs -----------memory---------- ---swap-- -----io---- -system-- ------cpu-----
 r  b   swpd   free   buff  cache   si   so    bi    bo   in   cs us sy id wa st
 1  0      0 289276 238932 6626420    0    0     8   532  464  216  4  4 91  1  0
 0  0      0 460944 238932 6472688    0    0     0 30256 20152 37615  6  9 74 11  0
 1  0      0 398604 238932 6493932    0    0     0 38824 21312 39506 11  8 75  6  0
 1  0      0 398604 238932 6494000    0    0     0  5052  690 1183  0  0 98  2  0
 1  0      0 396868 238940 6494012    0    0     8 17916 3401 5825  1  3 94  2  0
 1  0      0 396868 238940 6494096    0    0     0  7296 1630 2925  0  1 97  2  0
 1  0      0 394600 238940 6494112    0    0     0  3200  562  942  0  1 98  1  0
 6  0      0 377916 238944 6500008    0    0     4 16940 18821 61830 38 24 36  2  0
14  0      0 364164 238944 6502548    0    0     0  6852 17215 65585 52 29 19  0  0
 6  0      0 356020 238944 6505176    0    0     0  7328 17431 67985 56 27 17  0  0
12  0      0 340456 238944 6510068    0    0     0 10408 18650 77062 54 32 14  0  0
14  0      0 332596 238944 6518184    0    0     0 13984 18945 78680 54 30 15  1  0
18  0      0 330696 238944 6518944    0    0     0  9620 18194 89059 56 30 12  1  0
15  0      0 323128 238944 6519616    0    0     0  8096 17922 75246 55 31 13  1  0
15  0      0 321760 238944 6524392    0    0     0 12088 16360 90886 58 31 11  0  0
10  0      0 318548 238944 6524932    0    0     0  8148 16477 92829 58 30 11  1  0
11  0      0 306948 238944 6529772    0    0     0 13900 17835 103352 54 34 11  2  0
11  0      0 306808 238944 6530240    0    0     0  9588 16761 98642 53 34 12  1  0
11  0      0 305144 238944 6535088    0    0     0 14056 16175 87523 55 33 11  1  0
13  0      0 298008 238944 6535376    0    0     0  9768 17552 96988 56 34  9  1  0
14  0      0 279836 238944 6550476    0    0     0 24388 18778 100908 58 30 12  0  0
procs -----------memory---------- ---swap-- -----io---- -system-- ------cpu-----
 r  b   swpd   free   buff  cache   si   so    bi    bo   in   cs us sy id wa st
 9  0      0 281268 238944 6551276    0    0     0  9000 17822 91344 56 32 11  1  0
15  0      0 280160 238944 6553036    0    0     0 10264 18178 101828 57 32 10  1  0
16  0      0 276996 238944 6553496    0    0     0  8604 17376 92794 54 34 11  1  0
13  0      0 267492 238944 6565048    0    0     0 19356 17087 105647 57 32 10  1  0
14  0      0 266520 238944 6566376    0    0     0  9328 17940 108077 55 34 10  1  0
13  0      0 259076 238944 6570372    0    0     0 13776 18347 92741 51 37 11  2  0
11  0      0 259488 238944 6570888    0    0     0 17212 18211 96040 55 34 10  1  0
20  0      0 256992 238944 6571308    0    0     0  9548 18255 89269 51 36 12  1  0
14  0      0 250692 238944 6575976    0    0     0 13664 16576 87422 56 32 12  1  0
18  0      0 245624 238944 6576688    0    0     0  9432 17584 98085 60 29 10  1  0
14  0      0 239380 238944 6581360    0    0     0 13884 18925 102830 58 33  9  1  0
14  0      0 239648 238944 6581652    0    0     0 10812 19059 107607 58 30 11  1  0
 9  0      0 239712 238944 6582536    0    0     0 11152 16445 93443 56 32 11  2  0
 9  0      0 233104 238944 6586796    0    0     0 15160 17871 93305 53 32 14  1  0
15  0      0 230348 238944 6587696    0    0     0 10468 19384 97203 56 33 10  1  0
 5  0      0 223056 238944 6593348    0    0     0 15836 18977 95912 56 33 11  0  0
11  0      0 222756 238944 6593520    0    0     0 10812 17753 103744 54 34 11  2  0
12  1      0 221008 238944 6597980    0    0     0 15016 17952 83835 57 32 10  1  0
10  0      0 216764 238944 6598860    0    0     0 10656 17434 92744 56 33 11  1  0
 9  0      0 214160 238944 6599316    0    0     0 10016 17307 88140 58 30 10  1  0
15  0      0 215884 238944 6603912    0    0     0 13988 17841 89884 54 33 12  1  0
procs -----------memory---------- ---swap-- -----io---- -system-- ------cpu-----
 r  b   swpd   free   buff  cache   si   so    bi    bo   in   cs us sy id wa st
16  0      0 205416 238944 6605552    0    0     0 11908 18402 94618 58 32  9  1  0
 8  0      0 203960 238948 6610204    0    0     4 23580 16192 101709 53 35 10  2  0
 9  0      0 192724 238948 6618304    0    0     0 18056 17622 88947 54 33 13  1  0
18  0      0 186528 238948 6622908    0    0     0 15516 17720 98605 54 34 11  1  0
13  0      0 187620 238948 6624620    0    0     0 11788 17164 92892 52 35 11  2  0
14  0      0 186620 238948 6625392    0    0     0 11548 18152 97818 53 35 11  0  0
 9  0      0 177432 238952 6630072    0    0     0 15248 18091 91682 55 33 11  1  0
14  0      0 175132 238956 6631840    0    0     0 11896 17944 98547 55 33 11  1  0
15  0      0 172484 238956 6637596    0    0     0 15908 17789 100026 55 33 12  1  0
11  0      0 173008 238956 6638332    0    0     0 11368 18027 99981 53 35 10  2  0
13  0      0 161236 238956 6642880    0    0     0 15328 17931 102202 55 34 10  1  0
14  0      0 165452 238956 6643776    0    0     0 12620 16729 109405 55 35  9  1  0
15  0      0 159196 238956 6644400    0    0    85 10588 15999 103589 54 35 10  0  0
11  0      0 158416 238956 6648956    0    0     0 15148 16809 102215 55 34 10  1  0
13  0      0 153820 238956 6649756    0    0     0 11280 16934 98715 54 34 12  1  0
15  0      0 153368 238956 6654656    0    0     0 15344 17045 104914 59 33  8  0  0
11  0      0 150212 238956 6656216    0    0     0 19948 17435 84911 57 32 10  1  0
 7  0      0 140304 238956 6658064    0    0     0 11736 18487 84806 52 32 15  2  0
 7  0      0 141376 238956 6658780    0    0     0  9284 19402 89729 55 30 15  1  0
11  0      0 137860 238960 6663216    0    0     0 13676 17493 100581 54 33 12  1  0
 9  0      0 133708 238960 6667952    0    0     0 15568 18236 88858 55 30 14  1  0
procs -----------memory---------- ---swap-- -----io---- -system-- ------cpu-----
 r  b   swpd   free   buff  cache   si   so    bi    bo   in   cs us sy id wa st
10  0      0 136992 238960 6668584    0    0     0 12052 18302 89899 52 35 13  1  0
11  0      0 135764 238960 6668744    0    0     0 10796 16714 95403 54 33 12  1  0
15  0      0 139920 238960 6669272    0    0     0 10336 17761 96282 56 30 12  2  0
18  0      0 127964 238960 6674060    0    0     0 14352 18488 99100 55 32 12  1  0
 0  0      0 130372 238960 6674028    0    0     0  7840 5898 23011 13  7 78  1  0
