procs -----------memory---------- ---swap-- -----io---- -system-- ------cpu-----
 r  b   swpd   free   buff  cache   si   so    bi    bo   in   cs us sy id wa st
 2  0      0 3533808  21556 296700    0    0    11     3  368  440  6  2 92  0  0
 0  0      0 3507716  21556 296624    0    0     0     0 1199 1683  1  2 98  0  0
 0  0      0 3507716  21556 296624    0    0     0     0   28   30  0  0 100  0  0
 0  0      0 3508876  21556 296624    0    0     0     0  153  265  0  0 100  0  0
 0  0      0 3508976  21568 296624    0    0     0    60   64   89  0  0 100  0  0
 0  0      0 3505084  21568 296624    0    0     0    12 1858 2290  1  1 98  0  0
 0  0      0 3505084  21568 296624    0    0     0     8   42   35  0  0 100  0  0
 0  0      0 3498312  21568 296624    0    0     0     0 1262 1644  0  1 99  0  0
 1  0      0 3498312  21568 296624    0    0     0     0   40   32  0  0 100  0  0
 0  0      0 3498336  21576 296624    0    0     0    60  526  737  0  1 99  0  0
 7  0      0 3464848  21576 296624    0    0     0   948 8286 9724 22  6 72  0  0
 3  0      0 3451680  21576 296628    0    0     0     0 11265 12703 31 10 60  0  0
 2  0      0 3444508  21576 296488    0    0     0     0 10726 12306 30 10 60  0  0
 2  0      0 3442380  21576 296492    0    0     0     0 10892 12631 31  9 60  0  0
 4  0      0 3435216  21584 296488    0    0     0    44 10782 12293 33  8 59  0  0
 4  0      0 3432296  21584 296504    0    0     0    32 10206 11713 32  9 59  0  0
 2  0      0 3424784  21584 296488    0    0     0     0 11285 12893 34  7 59  0  0
 1  0      0 3424264  21584 296560    0    0     0     0 11940 13456 30 10 59  0  0
 3  0      0 3421988  21584 296580    0    0     0     0 12072 13547 30 11 60  0  0
 1  0      0 3420548  21584 296600    0    0     0     0 11761 13277 31  8 60  0  0
 1  0      0 3416528  21592 296636    0    0     0    72 10206 11725 33  8 60  0  0
procs -----------memory---------- ---swap-- -----io---- -system-- ------cpu-----
 r  b   swpd   free   buff  cache   si   so    bi    bo   in   cs us sy id wa st
 1  0      0 3414732  21592 296640    0    0     0     4 11906 13963 32 10 58  0  0
 1  0      0 3413644  21592 296644    0    0     0     0 11430 13147 33  9 58  0  0
 1  0      0 3410368  21592 296664    0    0     0     0 11421 13323 33 10 57  0  0
 1  0      0 3408856  21592 296684    0    0     0     0 11175 12764 32  9 59  0  0
 2  0      0 3405764  21600 296688    0    0     0    48 10445 11590 32  9 59  0  0
 1  0      0 3403384  21600 296708    0    0     0     0 11465 13483 32  9 59  0  0
 1  0      0 3403308  21600 296712    0    0     0     4 11746 13366 31 10 60  0  0
 1  0      0 3400588  21600 296764    0    0     0     0 11415 13220 31  9 59  0  0
 2  0      0 3398500  21600 296768    0    0     0     0 11386 12510 31  9 61  0  0
 1  0      0 3398084  21608 296772    0    0     0    60 10755 12077 30  9 62  0  0
 1  0      0 3396388  21608 296776    0    0     0     0 11597 13500 32  9 60  0  0
 1  0      0 3394204  21608 296780    0    0     0     0 11951 13605 32  9 59  0  0
 1  0      0 3393024  21608 296788    0    0     0     4 10619 12858 29  9 62  0  0
 1  0      0 3393472  21608 296792    0    0     0     0 10352 12350 32  8 60  0  0
 1  0      0 3392688  21620 296792    0    0     0    52 10642 12475 32  9 59  0  0
 2  0      0 3392820  21620 296796    0    0     0     0 11514 13443 29  9 63  0  0
 2  0      0 3390548  21620 296800    0    0     0     0 11518 13273 30 11 60  0  0
 1  0      0 3390760  21620 296808    0    0     0     0 11479 13112 32  7 61  0  0
 4  0      0 3391076  21620 296816    0    0     0     4 10276 12262 34  8 58  0  0
 1  0      0 3390504  21632 296808    0    0     0    56 8783 10371 32  7 61  0  0
 1  0      0 3388648  21632 296824    0    0     0     0 9737 11646 30  9 61  0  0
procs -----------memory---------- ---swap-- -----io---- -system-- ------cpu-----
 r  b   swpd   free   buff  cache   si   so    bi    bo   in   cs us sy id wa st
 2  0      0 3387972  21632 296824    0    0     0     0 11798 13599 31  9 60  0  0
 2  0      0 3387264  21632 296828    0    0     0     0 11672 13311 29  8 62  0  0
 1  0      0 3386568  21632 296852    0    0     0     0 11725 13803 31 10 59  0  0
 1  0      0 3385644  21644 296848    0    0     0    40 11252 12812 32  8 60  0  0
 1  0      0 3383504  21644 296864    0    0     0    20 11472 13395 33  8 59  0  0
 4  0      0 3378688  21644 296892    0    0     0     0 11595 13482 32  9 59  0  0
 1  0      0 3376796  21644 296924    0    0     0     0 11374 13160 34  8 58  0  0
 2  0      0 3376612  21644 296936    0    0     0     0 11746 14002 34  9 57  0  0
 3  0      0 3375280  21656 296936    0    0     0    44 11185 13058 33  7 59  0  0
 1  0      0 3375340  21656 296944    0    0     0    28 11062 13454 30  8 62  0  0
 4  0      0 3376100  21656 296948    0    0     0     0 11612 13711 33  8 60  0  0
 1  0      0 3379544  21656 296952    0    0     0     0 12057 13977 30 10 60  0  0
 1  0      0 3379684  21656 296924    0    0     0     0 11230 13106 32  8 60  0  0
 4  0      0 3380216  21656 296904    0    0     0     0 10902 12791 32  9 60  0  0
 2  0      0 3379320  21668 296880    0    0     0    52 12061 13943 32  8 60  0  0
 2  0      0 3379544  21668 296888    0    0     0     4 11900 14030 33  8 60  0  0
 3  0      0 3379792  21668 296896    0    0     0     0 10766 12377 32  8 60  0  0
 1  0      0 3379560  21668 296912    0    0     0     0 11147 13171 33  8 59  0  0
 1  0      0 3380236  21668 296932    0    0     0     0 10317 11906 33  8 60  0  0
 2  0      0 3381384  21680 296944    0    0     0    64 11055 12704 32 10 59  0  0
 3  0      0 3381400  21680 296896    0    0     0     0 11355 13167 30 10 60  0  0
procs -----------memory---------- ---swap-- -----io---- -system-- ------cpu-----
 r  b   swpd   free   buff  cache   si   so    bi    bo   in   cs us sy id wa st
 1  0      0 3380676  21680 296884    0    0     0     4 11405 13239 31  9 60  0  0
 1  0      0 3380296  21680 296888    0    0     0     0 11197 12725 33  8 59  0  0
 1  0      0 3378616  21680 296880    0    0     0     0 10787 12699 31 10 58  0  0
 1  0      0 3382436  21692 296884    0    0     0    48 10127 12480 28  7 64  0  0
 1  0      0 3386428  21692 296888    0    0     0     0 12161 14642 33  8 59  0  0
 2  0      0 3386196  21692 296884    0    0     0     0 11819 13763 32  9 59  0  0
 1  0      0 3386776  21692 296888    0    0     0     4 11757 13916 33  8 59  0  0
 0  0      0 3534484  21696 296888    0    0     0    44 32675 62345 45 15 40  0  0
