procs -----------memory---------- ---swap-- -----io---- -system-- ------cpu-----
 r  b   swpd   free   buff  cache   si   so    bi    bo   in   cs us sy id wa st
 1  0      0 684816 244820 5901992    0    0    26  1338 1129  257 12  9 76  2  0
 0  1      0 815532 244820 5773800    0    0     0 18272 14474 27759  2  5 75 17  0
 0  1      0 815532 244820 5774188    0    0     0 23500 16834 32118  1  5 74 20  0
 0  1      0 814552 244820 5774680    0    0     0 20908 17778 34633  1  6 74 19  0
 0  1      0 799572 244820 5787644    0    0     0 36688 16662 31952  2  7 72 19  0
 0  0      0 762392 244820 5810088    0    0     0 44088 23152 42537 10  8 68 13  0
 5  0      0 760152 244820 5810236    0    0     0  4084 3608 6460  1  1 98  1  0
 2  1      0 757884 244820 5810240    0    0     0  3112  670 1254  0  1 98  1  0
 6  0      0 763000 244820 5810508    0    0     0  8808 5140 8932  2  2 93  3  0
 2  1      0 763756 244820 5810508    0    0     0  2020  648 1079  0  2 97  1  0
 6  1      0 774508 244820 5786268    0    0     0 18168 15277 42734 23 25 47  5  0
 7  1      0 764564 244820 5796460    0    0     0 28676 18394 65927 36 39 19  6  0
10  0      0 754712 244820 5808524    0    0     0 22748 18178 65316 38 40 16  6  0
14  0      0 739272 244820 5821132    0    0     0 23892 18803 70488 38 41 14  7  0
 6  1      0 730796 244820 5831972    0    0     0 21944 17850 67618 38 40 16  7  0
14  1      0 715620 244820 5842864    0    0     0 68604 18307 60247 36 41 17  6  0
19  0      0 703296 244820 5851908    0    0     0 26856 18705 67051 36 41 16  6  0
14  1      0 721432 244820 5827604    0    0     0 31884 19789 69064 38 41 16  6  0
16  0      0 716156 244820 5836228    0    0     0 21924 19620 68746 36 41 17  6  0
15  0      0 703980 244820 5844108    0    0     0 21260 20613 68706 34 43 17  6  0
16  1      0 699276 244820 5851776    0    0     0 18736 18819 64266 37 40 18  5  0
procs -----------memory---------- ---swap-- -----io---- -system-- ------cpu-----
 r  b   swpd   free   buff  cache   si   so    bi    bo   in   cs us sy id wa st
11  1      0 685156 244820 5863144    0    0     0 24220 19016 64683 34 42 18  6  0
13  0      0 678500 244820 5871152    0    0     0 22436 19568 68997 35 43 16  6  0
18  1      0 666308 244820 5880116    0    0     0 21812 19750 66034 36 41 18  6  0
16  1      0 658916 244820 5887076    0    0     0 20396 19404 69023 34 43 16  7  0
15  1      0 654864 244824 5894240    0    0     0 62720 18937 65832 35 40 20  5  0
16  1      0 644444 244824 5903380    0    0     0 41328 19403 72424 34 43 16  7  0
15  0      0 634952 244824 5910320    0    0     0 21112 20339 71740 37 42 16  6  0
15  0      0 620172 244824 5918680    0    0     0 21284 19656 65167 38 41 15  6  0
13  0      0 607024 244824 5932068    0    0     0 28320 19641 65775 32 45 16  6  0
15  1      0 599436 244824 5940552    0    0     0 18380 22422 67738 30 41 21  8  0
18  0      0 581980 244824 5960072    0    0     0 39416 20882 66123 34 40 20  6  0
15  3      0 567444 244824 5971776    0    0     0 23368 21095 71825 33 43 17  7  0
 3  1      0 552768 244824 5985420    0    0     0 24240 20096 65794 34 41 17  8  0
16  0      0 544376 244824 5996680    0    0     0 11504 25899 76437 32 32 24 12  0
15  0      0 533724 244824 6006780    0    0     0 18800 18894 61897 36 39 18  6  0
 6  0      0 528100 244824 6014944    0    0     0 20516 24582 80641 34 33 22 11  0
20  0      0 514788 244824 6022756    0    0     0 18844 21099 70489 34 38 18 10  0
11  1      0 513232 244824 6030336    0    0     0 21180 20030 70897 38 40 17  6  0
14  1      0 503528 244824 6038792    0    0     0 19616 18598 69910 31 45 17  6  0
 2  1      0 497636 244824 6044820    0    0     0 68400 17193 60043 30 39 21 10  0
16  0      0 485760 244824 6052756    0    0     0 51436 16463 64683 34 41 17  7  0
procs -----------memory---------- ---swap-- -----io---- -system-- ------cpu-----
 r  b   swpd   free   buff  cache   si   so    bi    bo   in   cs us sy id wa st
17  0      0 480084 244824 6064248    0    0     0 23928 19418 68608 34 42 18  6  0
13  0      0 465324 244824 6079596    0    0     0 28104 19287 69059 34 43 16  6  0
15  3      0 446136 244824 6091988    0    0     0 25448 19458 70368 37 43 15  6  0
 8  1      0 432920 244824 6099484    0    0     0 19936 18398 63977 35 42 15  7  0
16  0      0 429088 244824 6108064    0    0     0 30280 18607 69374 35 43 17  6  0
13  3      0 420680 244824 6115664    0    0     0 21664 19101 64728 33 44 17  6  0
17  2      0 407688 244824 6128040    0    0     0 25124 18853 69915 36 43 15  5  0
10  2      0 403572 244824 6136408    0    0     0 21244 18844 68779 35 42 16  6  0
18  1      0 399932 244824 6143160    0    0     0 18580 19397 68270 36 40 17  7  0
10  1      0 389656 244824 6151688    0    0     0 11808 24478 87935 32 35 24 10  0
12  1      0 377920 244824 6158508    0    0     0 19940 20294 66616 33 44 17  7  0
14  1      0 374280 244824 6165396    0    0     0 19540 19554 69418 35 43 15  7  0
12  2      0 362732 244824 6173012    0    0     0 20492 19972 71916 35 42 17  6  0
 9  0      0 360520 244824 6184156    0    0     0 24588 18654 63003 33 42 19  6  0
14  0      0 348288 244824 6192212    0    0     0 21824 19543 71360 36 42 16  6  0
13  0      0 337344 244824 6200288    0    0     0 35032 19335 68356 36 41 18  5  0
 8  2      0 329672 244824 6211180    0    0     0 23028 18367 64287 37 41 16  5  0
12  0      0 324240 244824 6218456    0    0     0 20580 18971 68068 37 40 17  6  0
11  1      0 301688 244824 6227480    0    0     0 20888 18356 61761 34 42 17  7  0
14  0      0 307128 244824 6235136    0    0     0 35564 18976 68292 33 43 17  7  0
13  0      0 300888 244824 6243396    0    0     0 24472 19441 75132 36 38 20  6  0
procs -----------memory---------- ---swap-- -----io---- -system-- ------cpu-----
 r  b   swpd   free   buff  cache   si   so    bi    bo   in   cs us sy id wa st
11  0      0 286020 244824 6256160    0    0     0 25612 19473 74907 37 40 18  5  0
16  0      0 279144 244824 6263972    0    0     0 20708 20292 72619 34 40 20  6  0
11  1      0 268276 244824 6270308    0    0     0 19276 18503 63646 34 39 17 11  0
 7  1      0 266152 244824 6277880    0    0     0 10208 23384 83765 33 33 24 10  0
 6  0      0 253908 244824 6289484    0    0     0 30740 19744 71916 36 42 16  5  0
14  0      0 245816 244824 6295816    0    0     0 21228 20420 64904 34 43 17  6  0
 8  1      0 242368 244824 6302676    0    0     0 20328 20142 70104 34 44 16  6  0
 1  0      0 241344 244824 6305180    0    0     0 11016 9309 25935 14 19 64  3  0
 1  0      0 242960 244824 6305116    0    0     0 139332 3043 5446  1  4 94  2  0
