procs -----------memory---------- ---swap-- -----io---- -system-- ------cpu-----
 r  b   swpd   free   buff  cache   si   so    bi    bo   in   cs us sy id wa st
 3  0      0 3542500  17552 294320    0    0    60     6  213  230  5  2 93  0  0
 0  0      0 3514440  17564 294292    0    0     0    56  980 1574  1  2 97  0  0
 0  0      0 3514440  17564 294292    0    0     0     0   44   41  0  0 100  0  0
 0  0      0 3513420  17564 294308    0    0     0     0  180  267  0  1 99  0  0
 0  0      0 3513460  17564 294308    0    0     0     0   31   29  0  0 100  0  0
 0  0      0 3514672  17564 294308    0    0     0    16  213  295  1  3 96  0  0
 0  0      0 3514672  17564 294308    0    0     0    32   52   43  0  0 100  0  0
 0  0      0 3514524  17572 294308    0    0     0    28  143  266  0  1 99  0  0
 0  0      0 3514524  17572 294308    0    0     0     0   36   31  0  0 100  0  0
 0  0      0 3515916  17572 294308    0    0     0     0  176  262  1  2 98  0  0
 0  0      0 3516036  17572 294308    0    0     0     4   48   45  0  0 100  0  0
 0  0      0 3514348  17572 294308    0    0     0     0  138  270  0  1 99  0  0
 0  0      0 3514348  17572 294308    0    0     0    16   39   34  0  0 100  0  0
 0  0      0 3515572  17580 294308    0    0     0    12  182  266  0  1 99  0  0
 0  0      0 3515636  17580 294308    0    0     0     0   34   38  0  0 100  0  0
 0  0      0 3514656  17580 294308    0    0     0     4  182  289  0  1 99  0  0
 0  0      0 3514656  17580 294308    0    0     0     0   36   32  0  0 100  0  0
 0  0      0 3514824  17580 294308    0    0     0     0  147  267  0  0 100  0  0
 0  0      0 3514488  17580 294308    0    0     0     0  552  641  0  0 100  0  0
 0  0      0 3512976  17588 294308    0    0     0    12  175  290  0  0 99  0  0
 0  0      0 3512976  17588 294308    0    0     0     4   28   27  0  0 100  0  0
procs -----------memory---------- ---swap-- -----io---- -system-- ------cpu-----
 r  b   swpd   free   buff  cache   si   so    bi    bo   in   cs us sy id wa st
 0  0      0 3513452  17588 294308    0    0     0     0  208  321  0  1 99  0  0
 0  0      0 3512392  17588 294308    0    0     0     0  120  257  0  1 99  0  0
 0  0      0 3512760  17588 294308    0    0     0     4  172  174  0  0 100  0  0
 0  0      0 3514516  17588 294308    0    0     0     0  161  259  0  0 100  0  0
 0  0      0 3514516  17596 294308    0    0     0    16   48   47  0  0 100  0  0
 0  0      0 3514488  17596 294308    0    0     0     0  167  287  0  0 99  0  0
 0  0      0 3514488  17596 294308    0    0     0     0   24   18  0  0 100  0  0
 0  0      0 3514580  17596 294308    0    0     0     0  159  273  0  1 99  0  0
 0  0      0 3514580  17596 294308    0    0     0     0   34   36  0  0 100  0  0
 0  0      0 3513096  17596 294308    0    0     0   844  484  675  0  1 98  0  0
 1  0      0 3513096  17604 294308    0    0     0    28   47   46  0  0 100  0  0
 0  0      0 3512340  17604 294308    0    0     0     0  161  274  0  1 99  0  0
 0  0      0 3512340  17604 294308    0    0     0     0   64   85  0  0 100  0  0
 1  0      0 3512872  17604 294308    0    0     0     0  156  272  0  1 99  0  0
 0  0      0 3512872  17604 294308    0    0     0    12   59   53  0  0 100  0  0
 0  0      0 3513816  17604 294308    0    0     0     4  149  275  0  1 99  0  0
 0  0      0 3513816  17612 294300    0    0     0    12   48   47  0  0 100  0  0
 0  0      0 3512872  17612 294308    0    0     0     0  240  394  0  1 99  0  0
 0  0      0 3512872  17612 294308    0    0     0     0   32   34  0  0 100  0  0
 0  0      0 3514412  17612 294308    0    0     0     0  154  261  0  0 100  0  0
 0  0      0 3513908  17612 294308    0    0     0     0  549  663  0  0 99  0  0
procs -----------memory---------- ---swap-- -----io---- -system-- ------cpu-----
 r  b   swpd   free   buff  cache   si   so    bi    bo   in   cs us sy id wa st
 0  1      0 3512704  17616 294304    0    0     0    12  520  653  0  1 99  0  0
 0  0      0 3512480  17620 294308    0    0     0     4  130  154  0  0 100  0  0
 0  0      0 3511248  17620 294312    0    0     0     0  292  450  0  0 100  0  0
 0  0      0 3511024  17620 294312    0    0     0     0  138  166  0  0 100  0  0
 0  0      0 3511824  17620 294312    0    0     0     0  579  840  0  1 99  0  0
 1  0      0 3511824  17620 294312    0    0     0     4   43   43  0  0 100  0  0
 0  0      0 3510384  17628 294312    0    0     0    28 1546 1942  0  2 98  0  0
 0  0      0 3510384  17628 294312    0    0     0     0   37   40  0  0 100  0  0
 0  0      0 3509368  17628 294312    0    0     0     0  536  775  1  1 99  0  0
 0  0      0 3509404  17628 294312    0    0     0     0  316  373  0  0 100  0  0
 1  0      0 3490288  17628 294312    0    0     0     8 2422 3416  5  3 92  0  0
 1  0      0 3487600  17636 294312    0    0     0    16 2172 1732 25  6 69  0  0
 1  0      0 3483624  17636 294312    0    0     0     0 1096  954 20  5 75  0  0
 1  0      0 3483372  17636 294312    0    0     0     0  827  577 14  4 83  0  0
 1  0      0 3480188  17636 294312    0    0     0     0 1695 1423 23  5 72  0  0
 3  0      0 3470060  17644 294304    0    0     0    20 2184 1934 25  9 66  1  0
 1  0      0 3468708  17644 294312    0    0     0     4 3106 2654 24  8 68  0  0
 2  0      0 3466696  17644 294312    0    0     0     0 2057 1705 24  9 67  0  0
 1  0      0 3466188  17644 294316    0    0     0     0 1964 1449 24  7 70  0  0
 1  0      0 3466100  17644 294308    0    0     0     0 1327 1123 22  7 72  0  0
 1  0      0 3461344  17644 294308    0    0     0     8 3117 2711 26  7 67  0  0
procs -----------memory---------- ---swap-- -----io---- -system-- ------cpu-----
 r  b   swpd   free   buff  cache   si   so    bi    bo   in   cs us sy id wa st
 2  0      0 3457228  17652 294308    0    0     0    20 4130 3971 26  8 66  0  0
 2  0      0 3457040  17652 294308    0    0     0     4 4776 4303 26  7 68  0  0
 1  0      0 3456580  17652 294308    0    0     0     0 4534 4387 25  6 69  0  0
 1  0      0 3456956  17652 294308    0    0     0     0 3705 3304 26  7 67  0  0
 2  0      0 3456224  17652 294308    0    0     0     0 3456 3162 26  6 68  0  0
 1  0      0 3455048  17652 294308    0    0     0     8 2663 2245 24  8 69  0  0
 1  0      0 3453620  17660 294308    0    0     0    20 2334 1995 25  6 69  0  0
 1  0      0 3452904  17660 294308    0    0     0     4 3190 2731 24  7 68  0  0
 1  0      0 3455064  17660 294308    0    0     0     0 1910 1645 24  8 68  0  0
 1  0      0 3456392  17660 294308    0    0     0     0 2888 2643 24  6 69  0  0
 1  0      0 3453620  17660 294308    0    0     0     0 2831 2521 26  7 67  0  0
 1  0      0 3454376  17660 294308    0    0     0     0 3088 2623 25  7 68  0  0
 3  0      0 3452936  17668 294308    0    0     0    16 2965 2826 25  7 68  0  0
 1  0      0 3454024  17668 294308    0    0     0     4 1973 1527 23  6 71  0  0
 1  0      0 3453084  17668 294308    0    0     0     0 2827 2349 25  7 68  0  0
 2  0      0 3453252  17668 294308    0    0     0     0 2797 2237 24  8 68  0  0
 2  0      0 3451800  17668 294308    0    0     0     0 3175 2692 25  7 68  0  0
 1  0      0 3451908  17668 294308    0    0     0     0 2403 2006 24  7 69  0  0
 1  0      0 3451824  17676 294308    0    0     0    16 2481 2048 25  6 69  0  0
 1  0      0 3452628  17676 294308    0    0     0     0 2824 2556 25  8 67  0  0
 1  0      0 3452340  17676 294308    0    0     0     0 2939 2608 25  6 68  0  0
procs -----------memory---------- ---swap-- -----io---- -system-- ------cpu-----
 r  b   swpd   free   buff  cache   si   so    bi    bo   in   cs us sy id wa st
 1  0      0 3452184  17676 294308    0    0     0     0 2666 2254 26  6 68  0  0
 1  0      0 3454312  17676 294308    0    0     0     4 1981 1766 23  8 68  0  0
 1  0      0 3453296  17684 294308    0    0     0    12 2734 2231 25  6 68  1  0
 2  0      0 3453900  17684 294312    0    0     0     4 3313 3092 26  7 67  0  0
 3  0      0 3452144  17684 294312    0    0     0     0 3503 3072 25  7 68  0  0
 1  0      0 3452476  17684 294312    0    0     0     0 3262 3066 25  8 67  0  0
 1  0      0 3451648  17684 294316    0    0     0     0 3946 3638 26  6 68  0  0
 1  0      0 3452780  17692 294316    0    0     0    28 4111 4029 26  8 66  0  0
 1  0      0 3451672  17692 294316    0    0     0     0 3787 3494 26  8 67  0  0
 5  0      0 3452016  17692 294316    0    0     0     8 2581 2441 23  8 69  0  0
 3  0      0 3451792  17692 294316    0    0     0     0  841  605 16  4 79  0  0
 1  0      0 3451772  17692 294316    0    0     0     0 2828 2539 25  8 67  0  0
14  0      0 3449948  17700 294308    0    0     0    32 3019 2520 24  8 68  0  0
 1  0      0 3453008  17700 294316    0    0     0     8 3571 3178 25  7 68  0  0
 1  0      0 3452984  17700 294316    0    0     0     0 3221 2850 25  6 69  0  0
 1  0      0 3452956  17700 294316    0    0     0     4 3419 3284 26  7 67  0  0
 1  0      0 3452680  17700 294316    0    0     0     0 3246 2967 26  7 67  0  0
 2  0      0 3451960  17700 294316    0    0     0     0 3195 2972 26  8 66  0  0
 3  0      0 3451788  17708 294316    0    0     0    16 3535 3125 26  7 67  0  0
 1  0      0 3452540  17708 294320    0    0     0     0 2880 2689 25  7 67  0  0
 1  0      0 3452168  17708 294320    0    0     0     0 3340 3091 26  6 67  0  0
procs -----------memory---------- ---swap-- -----io---- -system-- ------cpu-----
 r  b   swpd   free   buff  cache   si   so    bi    bo   in   cs us sy id wa st
 1  0      0 3451728  17708 294320    0    0     0     4 4037 3775 25  7 68  0  0
 4  0      0 3450172  17708 294320    0    0     0     0 3479 3181 26  7 67  0  0
 1  0      0 3451096  17716 294320    0    0     0    20 3497 3245 26  6 67  0  0
 1  0      0 3450132  17716 294320    0    0     0     0 3075 2769 25  7 68  0  0
 1  0      0 3450416  17716 294336    0    0     0     0 2598 2368 25  7 68  0  0
 1  0      0 3451416  17716 294336    0    0     0     0 2760 2197 24  8 68  0  0
 2  0      0 3451112  17716 294336    0    0     0     4 3365 2983 23  9 68  0  0
 2  0      0 3464616  17716 294336    0    0     0     0 15286 28273 39 11 50  0  0
 0  0      0 3545636  17724 294488    0    0     0    64 12079 23684 25 10 65  0  0
