procs -----------memory---------- ---swap-- -----io---- -system-- ------cpu-----
 r  b   swpd   free   buff  cache   si   so    bi    bo   in   cs us sy id wa st
 0  0      0 2749964 241420 4198564    0    0   140  2501 1758 4470 19  8 71  1  0
 4  0      0 2790380 241420 4156220    0    0     0  4052 4915 8050  3  7 74 16  0
 0  1      0 2813716 241424 4134708    0    0     0 12216 7100 12034  3 10 67 20  0
 0  1      0 2812916 241424 4134796    0    0     0  8636 9255 16278  2  7 73 18  0
 1  0      0 2813016 241424 4134900    0    0     0  5228 4772 7844  1  5 72 22  0
 0  1      0 2812264 241424 4134916    0    0     0  3424 2893 4579  2  9 68 21  0
 0  1      0 2812264 241428 4134956    0    0     0  7028 7383 12435  3  7 73 17  0
 0  1      0 2811032 241428 4135092    0    0     0  7220 7584 12977  2  6 73 19  0
 0  1      0 2811032 241428 4135208    0    0     0  8516 8497 14766  2  7 73 19  0
 1  0      0 2811536 241428 4135284    0    0     0  5388 5710 9545  2  7 69 22  0
 0  1      0 2811788 241428 4135388    0    0     0  9636 9643 16861  2  5 74 18  0
 0  1      0 2812068 241428 4135492    0    0     0  6072 6564 10986  1  6 74 19  0
 0  1      0 2812068 241428 4135584    0    0     0  7088 7293 12350  2  6 74 18  0
 1  0      0 2811592 241428 4135768    0    0     0 10184 10109 17626  2  8 72 18  0
 1  1      0 2811592 241428 4135872    0    0     0  7396 8110 13783  1  7 74 18  0
 0  1      0 2811116 241428 4135976    0    0     0  7488 8201 14183  2  7 72 18  0
 2  0      0 2827692 241428 4148164    0    0     0 22552 7954 13552  3  8 70 18  0
 1  1      0 2772252 241428 4159220    0    0     0 23408 8589 14579  6  7 67 19  0
 1  0      0 2767240 241432 4162356    0    0     0 11904 14233 25515 12 10 67 12  0
 1  0      0 2765476 241432 4162356    0    0     0  2484 9657 16924 19  6 74  2  0
 1  0      0 2765476 241432 4162356    0    0     0   948 10031 17537 20  7 73  0  0
procs -----------memory---------- ---swap-- -----io---- -system-- ------cpu-----
 r  b   swpd   free   buff  cache   si   so    bi    bo   in   cs us sy id wa st
 1  0      0 2765476 241432 4162356    0    0     0  7320 5195 8687 13 10 67  9  0
 1  0      0 2764132 241432 4162356    0    0     0  7088 11108 19870 17 10 69  3  0
 1  0      0 2762368 241432 4162356    0    0     0  3904 14795 27452 12 10 76  2  0
 1  0      0 2762368 241432 4162356    0    0     0    20 14599 26755 11  7 81  0  0
 1  0      0 2760856 241432 4162356    0    0     0     0 23326 44363 13 10 77  0  0
 1  0      0 2760856 241432 4162356    0    0     0     4 18527 34465 11  9 80  0  0
 1  0      0 2760856 241432 4162356    0    0     0     4 13901 25552 10  8 82  0  0
 1  0      0 2760856 241432 4162356    0    0     0   476 19375 36361 12  9 79  0  0
 1  0      0 2760856 241432 4162356    0    0     0    92 14979 27757 10  9 80  0  0
 1  0      0 2760856 241432 4162356    0    0     0     8 24977 47592 11 11 78  0  0
 1  0      0 2761552 241432 4162360    0    0     0   680 17031 31471 13  8 77  2  0
 1  0      0 2761616 241432 4162364    0    0     0   876 8966 15560 16  5 78  0  0
 1  0      0 2761044 241432 4162364    0    0     0    36 8271 14449 17  7 77  0  0
 1  0      0 2759992 241432 4162364    0    0     0    76 17458 32398 14  9 77  0  0
 2  0      0 2761268 241432 4162364    0    0     0     0 22300 42278 12 10 78  0  0
 1  0      0 2761268 241432 4162364    0    0     0     4 18124 33692 11  9 80  0  0
 2  0      0 2760792 241432 4162364    0    0     0     0 16999 31619 12  9 79  0  0
 1  0      0 2760792 241432 4162364    0    0     0     4 19075 35626 11  9 79  0  0
 0  0      0 2760736 241432 4162364    0    0     0     0 18571 34822 12  8 80  0  0
 0  0      0 2760792 241432 4162364    0    0     0    28 20565 38544 11 10 79  0  0
 0  0      0 2759028 241432 4162364    0    0     0    48 21409 40273 13  8 79  0  0
procs -----------memory---------- ---swap-- -----io---- -system-- ------cpu-----
 r  b   swpd   free   buff  cache   si   so    bi    bo   in   cs us sy id wa st
 1  0      0 2761272 241432 4162368    0    0     0   704 20344 37768 12  9 78  1  0
 1  0      0 2764472 241432 4162392    0    0     0  1944 15932 29015 13  9 75  3  0
 0  0      0 2764248 241432 4162408    0    0     0  1616 18041 33201 13  8 77  2  0
 1  0      0 2763928 241432 4162408    0    0     0   772 18145 33821 14  8 78  0  0
 0  0      0 2763548 241432 4162416    0    0     0   688 20246 38026 13  8 79  0  0
 0  0      0 2766924 241432 4162528    0    0     0  2476 9304 16749  8  5 86  1  0
 0  0      0 2766924 241432 4162528    0    0     0   724  376  525  0  0 99  0  0
 1  0      0 2766700 241432 4162544    0    0     0  1348 8616 15159  5  6 88  2  0
 0  0      0 2766476 241432 4162692    0    0     0  2076 6002 10560  2  2 95  1  0
 0  0      0 2766892 241432 4162692    0    0     0   312  409  655  0  1 99  0  0
 2  0      0 2767108 241432 4162832    0    0     0  1168 10395 18479  8  5 84  3  0
 1  0      0 2764372 241432 4163488    0    0     0  1824 12102 21525  8 10 79  4  0
 2  3      0 2763952 241432 4169204    0    0     0  6312 8183 18839 29 14 46 12  0
14  1      0 2757468 241432 4173152    0    0     0  7156 5492 16760 38 29 24  9  0
 8  1      0 2763324 241432 4173584    0    0     0  1924 2916 8972 36 27 24 12  0
 8  3      0 2754192 241432 4173764    0    0     0  1348 1846 5776 36 36 23  5  0
12  1      0 2751980 241432 4174032    0    0     0  3008 6152 20456 48 30 14  7  0
 6  2      0 2748216 241432 4175492    0    0     0  4692 6709 22386 42 39 14  5  0
14  1      0 2742196 241432 4176596    0    0     0  4724 8390 28335 47 35 14  4  0
11  0      0 2741332 241432 4177084    0    0     0  3844 8750 27766 49 36 11  5  0
16  3      0 2744224 241432 4177324    0    0     0  2740 4982 16182 41 34 16  9  0
procs -----------memory---------- ---swap-- -----io---- -system-- ------cpu-----
 r  b   swpd   free   buff  cache   si   so    bi    bo   in   cs us sy id wa st
16  1      0 2741856 241432 4177868    0    0     0  3140 8678 30634 50 37  8  5  0
15  0      0 2736636 241432 4178816    0    0     0  6868 16663 60130 55 34 10  2  0
13  1      0 2732420 241432 4181976    0    0     0  8536 15216 55274 55 33 10  3  0
16  0      0 2729728 241432 4183960    0    0     0  8928 17810 65317 58 31  9  2  0
15  0      0 2730108 241432 4185288    0    0     0  7424 18082 62493 60 30  9  1  0
17  0      0 2728472 241436 4186112    0    0     0  4940 18223 63573 60 32  7  1  0
17  0      0 2727304 241436 4186780    0    0     0 12452 17309 57160 66 27  5  1  0
13  1      0 2724244 241436 4189836    0    0     0  7136 10945 42529 53 36  9  2  0
19  0      0 2722168 241436 4191532    0    0     0  4780 10720 36966 60 28  9  2  0
 8  1      0 2720560 241436 4192064    0    0     0  4312 10815 37964 53 35  9  3  0
17  0      0 2719220 241436 4193640    0    0     0  4836 10159 37322 49 37 11  3  0
19  0      0 2718452 241436 4194176    0    0     0  6832 12097 43344 67 26  7  1  0
 9  1      0 2717152 241436 4194836    0    0     0  4708 12787 39118 64 27  8  1  0
16  2      0 2715572 241436 4195724    0    0     0  5624 16862 56637 67 27  5  1  0
13  0      0 2717576 241436 4195980    0    0     0  3552 11919 38896 63 29  8  1  0
12  1      0 2714564 241436 4196560    0    0     0  3388 11051 36389 61 29  8  2  0
16  0      0 2712936 241436 4199028    0    0     0  5992 13213 45284 60 32  7  1  0
13  0      0 2710468 241436 4199892    0    0     0  4972 13809 45430 58 33  7  2  0
20  0      0 2710164 241436 4201824    0    0     0  5896 13707 44015 60 30  7  3  0
17  0      0 2711796 241436 4202148    0    0     0  4020 10553 34505 58 31  8  2  0
11  0      0 2706960 241436 4202724    0    0     0  5700 12574 43217 59 32  7  3  0
procs -----------memory---------- ---swap-- -----io---- -system-- ------cpu-----
 r  b   swpd   free   buff  cache   si   so    bi    bo   in   cs us sy id wa st
16  1      0 2706660 241436 4203528    0    0     0  5480 14544 46772 63 29  7  1  0
16  0      0 2709460 241436 4204252    0    0     0 10424 13587 46716 57 34  7  1  0
12  0      0 2710848 241436 4205184    0    0     0  5828 9969 38334 48 37 12  4  0
 9  0      0 2708288 241436 4205392    0    0     0  3056 7491 26100 53 31 13  2  0
17  0      0 2707504 241436 4208168    0    0     0  8328 15352 47015 58 32  8  1  0
14  0      0 2704224 241436 4208960    0    0     0  6784 16487 55762 58 35  5  1  0
12  1      0 2701524 241436 4210456    0    0     0  7916 18411 61179 64 30  5  1  0
12  1      0 2698316 241436 4211724    0    0     0  5844 17225 55794 63 28  7  1  0
11  0      0 2694968 241436 4212464    0    0     0  7996 20913 71440 68 26  6  1  0
15  0      0 2695888 241436 4215556    0    0     0 10088 20816 73973 68 28  4  0  0
14  1      0 2694024 241436 4215924    0    0     0  6268 18145 63722 63 31  5  1  0
18  1      0 2693560 241436 4216228    0    0     0  1652 6549 21502 55 27 10  8  0
16  1      0 2693616 241436 4216752    0    0     0  4116 5048 18009 50 34  8  8  0
14  0      0 2690220 241436 4218068    0    0     0  5328 15961 56191 65 30  4  1  0
12  0      0 2689012 241436 4218956    0    0     0  5900 16377 57380 66 28  5  1  0
16  0      0 2690612 241436 4219604    0    0     0  4608 14892 52235 68 27  5  1  0
12  1      0 2688500 241436 4227524    0    0     0 19996 16896 60029 64 31  4  1  0
13  0      0 2680644 241436 4228212    0    0     0  6412 16250 57081 68 28  4  1  0
17  0      0 2682144 241436 4228712    0    0     0  5508 15589 52190 69 26  4  0  0
11  1      0 2680072 241436 4231524    0    0     0  8236 18353 68619 70 26  3  1  0
12  1      0 2679676 241436 4232444    0    0     0  6804 15438 50874 65 30  4  1  0
procs -----------memory---------- ---swap-- -----io---- -system-- ------cpu-----
 r  b   swpd   free   buff  cache   si   so    bi    bo   in   cs us sy id wa st
14  1      0 2678348 241436 4233796    0    0     0 10552 15834 51479 70 25  4  1  0
12  0      0 2676364 241436 4234792    0    0     0  5996 18401 66806 68 28  4  0  0
13  0      0 2668648 241436 4240256    0    0     0 11648 18709 65369 71 24  5  1  0
15  1      0 2669000 241436 4240904    0    0     0  6368 17785 55962 69 26  4  1  0
15  2      0 2667444 241436 4242920    0    0     0  7864 15926 57250 60 34  5  1  0
14  0      0 2666528 241436 4243700    0    0     0  6472 16393 54770 63 30  6  2  0
14  0      0 2664084 241436 4244108    0    0     0  5532 16334 50014 64 31  5  1  0
14  0      0 2662624 241436 4244772    0    0     0  6868 12585 38907 60 33  6  2  0
15  0      0 2662164 241436 4245588    0    0     0  5864 15994 56191 66 26  6  1  0
 0  0      0 2662940 241436 4245376    0    0     0  1640 2766 7989 12  6 82  1  0
 0  0      0 2662948 241436 4245376    0    0     0  1164  781 1077  0  1 99  0  0
