procs -----------memory---------- ---swap-- -----io---- -system-- ------cpu-----
 r  b   swpd   free   buff  cache   si   so    bi    bo   in   cs us sy id wa st
 0  0      0 3535136  19980 295588    0    0    14     3  242  278  5  2 93  0  0
 0  0      0 3509992  19980 295588    0    0     0     0  857 1346  1  0 99  0  0
 0  0      0 3509992  19980 295588    0    0     0     0   42   39  0  0 100  0  0
 0  0      0 3509272  19980 295588    0    0     0     0  171  268  0  0 100  0  0
 0  0      0 3509272  19980 295588    0    0     0     4   30   34  0  0 100  0  0
 0  0      0 3508628  19992 295588    0    0     0   108 1391 1745  1  1 98  0  0
 4  0      0 3507452  19992 295588    0    0     0     0  594  709  0  0 100  0  0
 0  0      0 3506604  19992 295588    0    0     0     0  143  246  0  0 99  0  0
 0  0      0 3505716  19992 295588    0    0     0     0 1126 1345  0  1 99  0  0
 1  0      0 3504524  19992 295572    0    0     0     4  117  248  0  0 100  0  0
 1  0      0 3477364  20000 295572    0    0     0  1020 4698 6145 11  4 84  0  0
 1  0      0 3465736  20000 295448    0    0     0     0 7288 8036 27  8 65  0  0
 1  0      0 3456948  20000 295448    0    0     0     0 6471 7364 29  8 63  0  0
 3  0      0 3457088  20000 295448    0    0     0     0 7206 8315 30  7 63  0  0
 2  0      0 3452944  20000 295452    0    0     0     0 6260 7147 28  9 63  0  0
 1  0      0 3445776  20008 295460    0    0     0    68 6695 7780 28 10 62  0  0
 2  0      0 3441996  20008 295460    0    0     0     0 7075 8137 30  7 63  0  0
 1  0      0 3440288  20008 295480    0    0     0     0 6200 6932 27  8 65  0  0
 3  0      0 3436720  20008 295480    0    0     0     0 7486 8768 28  8 64  0  0
 2  0      0 3434404  20016 295456    0    0     0    28 7103 8510 30  8 62  0  0
 3  0      0 3434652  20016 295464    0    0     0    20 6490 7821 29  7 64  0  0
procs -----------memory---------- ---swap-- -----io---- -system-- ------cpu-----
 r  b   swpd   free   buff  cache   si   so    bi    bo   in   cs us sy id wa st
 3  0      0 3432852  20016 295468    0    0     0    20 7946 9207 28  8 64  0  0
 2  0      0 3431580  20016 295504    0    0     0     0 7961 9627 29  9 62  0  0
 2  0      0 3429504  20016 295536    0    0     0     0 7811 9585 29  9 62  0  0
 1  0      0 3429232  20016 295560    0    0     0     0 7931 8988 28  8 64  0  0
 3  0      0 3427936  20024 295576    0    0     0    20 6835 8046 28 10 62  0  0
 2  0      0 3426344  20024 295596    0    0     0    20 7146 8431 29  8 63  0  0
 1  0      0 3425416  20024 295596    0    0     0     4 7518 9120 31  7 62  0  0
 1  0      0 3423056  20024 295620    0    0     0     0 7888 9487 31  9 60  0  0
 2  0      0 3422672  20024 295620    0    0     0     0 7058 8445 29  8 63  0  0
 2  0      0 3421080  20032 295640    0    0     0    20 6823 7975 28  7 64  0  0
 1  0      0 3418464  20032 295644    0    0     0    12 7131 8886 30  9 62  0  0
 1  0      0 3419624  20032 295668    0    0     0     0 8042 9513 29  8 63  0  0
 4  0      0 3418608  20032 295672    0    0     0     4 8232 9869 31  8 61  0  0
 4  0      0 3417040  20032 295672    0    0     0     0 8185 9493 31  6 63  0  0
 1  0      0 3416032  20040 295676    0    0     0    48 6776 8343 30  6 64  0  0
 1  0      0 3415252  20040 295676    0    0     0     0 7277 8720 30  8 62  0  0
 2  0      0 3414296  20040 295680    0    0     0    16 7476 9186 30  9 61  0  0
 2  0      0 3414112  20040 295680    0    0     0     0 7079 8559 30  7 63  0  0
 1  0      0 3413072  20040 295688    0    0     0     4 6973 8251 29  7 65  0  0
 3  0      0 3413340  20048 295700    0    0     0    24 7117 8394 29  6 64  0  0
 1  0      0 3412372  20048 295708    0    0     0     0 8078 9816 25 10 65  0  0
procs -----------memory---------- ---swap-- -----io---- -system-- ------cpu-----
 r  b   swpd   free   buff  cache   si   so    bi    bo   in   cs us sy id wa st
 1  0      0 3411680  20048 295716    0    0     0    12 7100 8388 30  7 63  0  0
 1  0      0 3410652  20048 295716    0    0     0     0 7515 8730 30  8 61  0  0
 1  0      0 3410404  20048 295720    0    0     0     0 6938 8170 29  7 64  0  0
 2  0      0 3409780  20056 295724    0    0     0    48 6296 7573 30  6 64  0  0
 1  0      0 3409836  20056 295724    0    0     0     0 5756 6815 30  7 63  0  0
 1  0      0 3408820  20056 295724    0    0     0     8 7642 9090 32  9 59  0  0
 1  0      0 3408408  20056 295728    0    0     0     0 7100 8231 31  6 63  0  0
 2  0      0 3407976  20056 295728    0    0     0     0 6074 7569 31  6 63  0  0
 1  0      0 3408568  20064 295716    0    0     0    24 7244 8512 28  9 64  0  0
 1  0      0 3409484  20064 295716    0    0     0     4 6906 8437 29 10 61  0  0
 1  0      0 3408652  20064 295736    0    0     0     0 7226 8611 32  7 60  0  0
 2  0      0 3408584  20064 295756    0    0     0    16 6823 8010 29  7 63  0  0
 1  0      0 3408920  20064 295744    0    0     0     0 6742 8109 29  8 62  0  0
 2  0      0 3407672  20072 295748    0    0     0    40 7564 9010 30 10 61  0  0
 1  0      0 3407436  20072 295748    0    0     0     0 8091 9711 29 10 62  0  0
 1  0      0 3408316  20072 295772    0    0     0     4 7115 8593 30  8 62  0  0
 1  0      0 3407736  20072 295776    0    0     0    16 7875 9400 31  8 62  0  0
 1  0      0 3408736  20072 295780    0    0     0     0 7503 8900 28  9 62  0  0
 1  0      0 3407876  20072 295800    0    0     0     0 7101 8323 30  9 61  0  0
 1  0      0 3407768  20080 295816    0    0     0    24 6965 8310 30  8 62  0  0
 1  0      0 3407580  20080 295836    0    0     0     0 7599 9208 31  7 62  0  0
procs -----------memory---------- ---swap-- -----io---- -system-- ------cpu-----
 r  b   swpd   free   buff  cache   si   so    bi    bo   in   cs us sy id wa st
 2  0      0 3410008  20080 295852    0    0     0     4 5793 6884 30  8 63  0  0
 1  0      0 3410652  20080 295788    0    0     0    12 7098 8023 31  8 61  0  0
 2  0      0 3409156  20080 295792    0    0     0     0 6313 7458 31  8 61  0  0
 2  0      0 3408984  20088 295760    0    0     0    36 7406 8796 32  6 62  0  0
 1  0      0 3408676  20088 295760    0    0     0     0 7460 8990 30  7 63  0  0
 1  0      0 3408200  20088 295760    0    0     0     0 5378 6138 30  6 64  0  0
 3  0      0 3407868  20088 295748    0    0     0    16 7207 8652 31  9 60  0  0
 4  0      0 3407840  20088 295760    0    0     0     0 18952 33688 39 12 49  0  0
