procs -----------memory---------- ---swap-- -----io---- -system-- ------cpu-----
 r  b   swpd   free   buff  cache   si   so    bi    bo   in   cs us sy id wa st
 4  0      0 1104780 244760 5548480    0    0    33  1174 1046  893 12  8 78  2  0
 0  1      0 1205948 244760 5450020    0    0     0 21308 14992 28533  2  7 74 17  0
 0  1      0 1205696 244760 5450360    0    0     0 17656 15079 28342  1  5 76 19  0
 0  1      0 1205220 244760 5450796    0    0     0 20344 17079 32916  2  5 75 19  0
 0  0      0 1229992 244760 5463188    0    0     0 34380 16094 30567  2  6 73 19  0
 1  1      0 1183032 244760 5485964    0    0     0 45592 19456 36289  7  9 68 16  0
 0  0      0 1184124 244760 5486196    0    0     0  6968 11515 20658  4  4 89  3  0
 1  0      0 1188736 244760 5486200    0    0     0  3736  768 1449  0  2 97  1  0
 3  0      0 1188736 244760 5486420    0    0     0  5528 5791 9951  1  2 94  3  0
 1  0      0 1187980 244760 5486420    0    0     0  3112  873 1518  0  2 97  1  0
11  1      0 1186620 244760 5486576    0    0     0  4428 6778 11752  4  3 91  3  0
12  4      0 1177472 244760 5495136    0    0     0 26940 15142 60520 39 33 20  7  0
13  1      0 1175876 244760 5498372    0    0     0 12832 13081 60473 35 39 19  7  0
20  0      0 1169972 244760 5503856    0    0     0 13860 12883 60792 38 36 18  7  0
16  1      0 1166916 244760 5507804    0    0     0 15112 13825 64921 40 36 18  6  0
10  1      0 1161096 244760 5510448    0    0     0 25244 12034 57830 38 36 18  8  0
12  1      0 1151548 244760 5513512    0    0     0 16708 13576 63252 41 36 16  6  0
13  2      0 1149924 244760 5517832    0    0     0 13312 10750 59521 40 40 13  7  0
17  4      0 1143932 244760 5522792    0    0     0 17540 12483 76140 42 36 16  7  0
21  0      0 1141384 244760 5526200    0    0     0 14184 12687 74221 41 38 16  5  0
18  2      0 1126656 244760 5535184    0    0     0 28496 11838 75970 43 39 12  6  0
procs -----------memory---------- ---swap-- -----io---- -system-- ------cpu-----
 r  b   swpd   free   buff  cache   si   so    bi    bo   in   cs us sy id wa st
14  1      0 1122812 244760 5538728    0    0     0 14700 12593 88853 45 35 12  7  0
16  1      0 1122424 244760 5541456    0    0     0 14712 13705 89397 47 34 14  6  0
13  0      0 1117316 244760 5543000    0    0     0 12436 11921 89664 45 38 11  6  0
19  0      0 1117436 244760 5544532    0    0     0 13028 12843 85275 40 38 16  5  0
10  2      0 1111752 244760 5551388    0    0     0 17944 11533 81960 42 39 14  4  0
13  0      0 1108704 244760 5552976    0    0     0 16840 11594 77227 42 38 13  7  0
 9  1      0 1104896 244760 5554432    0    0     0 12200 12710 100113 43 41 11  5  0
10  1      0 1102812 244760 5556316    0    0     0 13136 11920 87689 45 38 12  5  0
20  1      0 1101488 244760 5557784    0    0     0 12736 12282 89940 48 37 10  5  0
13  1      0 1100968 244760 5559736    0    0     0 12392 11131 83701 44 33 14  8  0
11  1      0 1096776 244760 5566632    0    0     0 32020 11229 79686 41 39 14  7  0
 9  1      0 1090204 244760 5569236    0    0     0 13828 12800 90510 44 39 12  5  0
14  1      0 1131132 244760 5527388    0    0     0 22572 12712 83415 46 39 11  4  0
19  0      0 1116292 244760 5532264    0    0     0 17164 13493 85213 46 38 11  5  0
15  1      0 1113800 244760 5534244    0    0     0 13204 12054 78693 46 37 10  7  0
17  0      0 1115204 244760 5537364    0    0     0 11572 11738 78818 46 36 12  5  0
19  0      0 1113992 244760 5539320    0    0     0 12704 12584 81994 45 37 14  3  0
13  1      0 1105544 244760 5542376    0    0     0 13972 11702 82695 47 36 13  5  0
15  0      0 1106436 244760 5544536    0    0     0 11804 10980 83066 40 42 13  5  0
 8  1      0 1106908 244760 5546876    0    0     0 12328 11694 87268 46 35 13  7  0
13  1      0 1099108 244760 5549880    0    0     0 12956 12089 112496 43 37 15  6  0
procs -----------memory---------- ---swap-- -----io---- -system-- ------cpu-----
 r  b   swpd   free   buff  cache   si   so    bi    bo   in   cs us sy id wa st
14  3      0 1098564 244760 5559620    0    0     0 23236 13043 90516 45 38 12  5  0
13  1      0 1093296 244760 5563100    0    0     0 13508 11394 86194 43 38 13  6  0
20  0      0 1091816 244760 5565192    0    0     0 12288 11971 84821 42 37 14  7  0
15  0      0 1084728 244760 5571324    0    0     0 15920 10493 93192 40 39 14  7  0
17  1      0 1078972 244760 5573328    0    0     0 18108 10389 80025 45 35 13  6  0
15  2      0 1082512 244760 5574996    0    0     0 11108 10153 70993 42 42 12  4  0
13  0      0 1070836 244760 5584520    0    0     0 19644 12367 95360 42 36 15  7  0
16  0      0 1069936 244760 5589184    0    0     0 11388 11164 82076 39 39 14  8  0
17  0      0 1066352 244760 5590560    0    0     0 26612 10853 84969 41 41 13  5  0
13  2      0 1064532 244760 5591620    0    0     0 10920 10892 79802 43 37 13  7  0
14  2      0 1061268 244760 5593112    0    0     0 12132 11615 86126 46 37 12  6  0
 9  1      0 1060452 244760 5595048    0    0     0 11728 10684 76786 45 37 11  7  0
14  2      0 1056872 244760 5600568    0    0     0 16060 11472 85981 41 40 13  6  0
21  1      0 1049900 244764 5601824    0    0     0 10508 10473 91945 46 35 13  6  0
14  1      0 1054124 244764 5603320    0    0     0 12316 12247 82758 45 36 14  4  0
21  1      0 1047444 244764 5604856    0    0     0 12796 12291 85536 45 36 14  5  0
18  1      0 1040604 244764 5611836    0    0     0 18388 11589 107166 42 39 14  5  0
11  1      0 1041600 244764 5613316    0    0     0 12460 10892 77742 42 39 13  5  0
16  1      0 1031728 244764 5621792    0    0     0 19572 11911 76427 38 40 15  6  0
14  0      0 1023316 244764 5627880    0    0     0 15244 10827 71301 40 39 15  7  0
 7  1      0 1018020 244764 5630236    0    0     0 22804 12014 94380 47 37 11  5  0
procs -----------memory---------- ---swap-- -----io---- -system-- ------cpu-----
 r  b   swpd   free   buff  cache   si   so    bi    bo   in   cs us sy id wa st
16  1      0 1019600 244764 5634956    0    0     0 11868 10444 69749 42 36 14  8  0
18  0      0 1016132 244764 5636708    0    0     0 12088 10833 67093 41 39 16  4  0
 8  1      0 1015652 244764 5638712    0    0     0 12000 10861 67044 38 40 17  5  0
 8  2      0 1000836 244764 5645504    0    0     0 24252 10645 84716 46 37  9  8  0
14  1      0 1002848 244764 5647920    0    0     0 13172 12131 75377 46 32 17  6  0
11  1      0 999964 244764 5649988    0    0     0 10296 9158 66787 40 41 12  7  0
16  1      0 994752 244768 5652944    0    0     0 13416 11271 97652 44 37 12  7  0
 0  0      0 995080 244768 5654616    0    0     0 12408 10743 80646 42 37 15  6  0
 1  0      0 995736 244768 5654704    0    0     0  9624 1192 2014  0  2 97  1  0
