procs -----------memory---------- ---swap-- -----io---- -system-- ------cpu-----
 r  b   swpd   free   buff  cache   si   so    bi    bo   in   cs us sy id wa st
 1  0      0 3542068  19004 294856    0    0    25     4  264  296  6  2 92  0  0
 0  0      0 3517028  19004 294800    0    0     0     0 1117 1427  6  5 90  0  0
 0  0      0 3512996  19004 294804    0    0     0     0  223  293  0  2 97  0  0
 0  0      0 3512996  19004 294804    0    0     0   832   88   90  0  0 99  1  0
 0  0      0 3511716  19004 294804    0    0     0     0  176  281  0  1 99  0  0
 0  0      0 3511736  19016 294804    0    0     0    80   67   82  0  0 100  0  0
 0  0      0 3512272  19016 294804    0    0     0     8  182  275  0  1 99  0  0
 0  0      0 3512272  19016 294804    0    0     0     0   40   33  0  0 100  0  0
 0  0      0 3511824  19016 294804    0    0     0     0  203  307  1  2 97  0  0
 0  0      0 3511824  19016 294804    0    0     0     0   23   24  0  0 100  0  0
 1  0      0 3513556  19016 294804    0    0     0    44  227  314  1  3 96  0  0
 0  0      0 3513616  19024 294804    0    0     0    20   52   45  0  0 100  0  0
 0  0      0 3511124  19024 294804    0    0     0     0  195  283  1  3 96  0  0
 0  0      0 3511936  19024 294804    0    0     0     0  176  279  1  1 98  0  0
 0  0      0 3511936  19024 294804    0    0     0     0   59   48  0  0 100  0  0
 3  0      0 3510676  19024 294804    0    0     0     8  117  227  2  4 94  0  0
 0  0      0 3512448  19024 294804    0    0     0     4  157  114  0  1 99  0  0
 0  0      0 3511408  19032 294804    0    0     0    12  205  309  0  2 97  0  0
 0  0      0 3511468  19032 294804    0    0     0     0   63   40  0  0 100  0  0
 0  0      0 3512280  19032 294804    0    0     0     0  175  282  0  2 98  0  0
 0  0      0 3512280  19032 294804    0    0     0     0   37   35  0  0 100  0  0
procs -----------memory---------- ---swap-- -----io---- -system-- ------cpu-----
 r  b   swpd   free   buff  cache   si   so    bi    bo   in   cs us sy id wa st
 0  0      0 3512696  19032 294804    0    0     0     4  160  274  0  1 99  0  0
 0  0      0 3512820  19032 294804    0    0     0     0   43   40  0  0 100  0  0
 0  0      0 3511880  19040 294804    0    0     0    12  164  284  0  1 99  0  0
 0  0      0 3511460  19040 294804    0    0     0     0 1350 1725  1  1 98  0  0
 0  0      0 3510004  19040 294804    0    0     0     0  558  773  0  0 99  0  0
 1  0      0 3509304  19040 294804    0    0     0     0  269  357  0  0 100  0  0
 0  0      0 3506568  19040 294804    0    0     0     4  562  749  1  0 99  0  0
 0  0      0 3506568  19040 294804    0    0     0     0   44   39  0  0 100  0  0
 0  0      0 3505624  19048 294796    0    0     0    16 1686 2066  1  2 97  0  0
 0  0      0 3505660  19048 294804    0    0     0     0   77   71  0  0 100  0  0
 0  0      0 3502888  19048 294804    0    0     0     4  212  392  0  0 99  0  0
 0  0      0 3502888  19048 294804    0    0     0     0 1388 1612  1  1 98  0  0
 1  0      0 3480244  19048 294804    0    0     0     0 4275 5011 23  8 69  0  0
 1  0      0 3475036  19048 294804    0    0     0     0 4370 4310 26  7 67  0  0
 1  0      0 3471340  19056 294808    0    0     0    12 2337 2247 25 12 63  0  0
 1  0      0 3468456  19056 294812    0    0     0     0 3147 2860 26  6 67  0  0
 1  0      0 3466300  19056 294812    0    0     0     4 3443 3386 26  9 65  0  0
 1  0      0 3465660  19056 294812    0    0     0    12 3732 3701 26  8 67  0  0
 2  0      0 3463276  19056 294812    0    0     0     0 4452 4564 27  8 65  0  0
 3  0      0 3462128  19064 294812    0    0     0    20 2453 2266 25  7 69  0  0
 1  0      0 3460996  19064 294812    0    0     0     0 4319 4489 27  9 65  0  0
procs -----------memory---------- ---swap-- -----io---- -system-- ------cpu-----
 r  b   swpd   free   buff  cache   si   so    bi    bo   in   cs us sy id wa st
 1  0      0 3460912  19064 294812    0    0     0     0 4055 4175 25  9 66  0  0
 1  0      0 3458144  19064 294812    0    0     0     4 4526 5097 27  9 65  0  0
 1  0      0 3457580  19064 294816    0    0     0     8 4271 4457 27  7 65  0  0
 1  0      0 3458576  19064 294816    0    0     0     8 3918 4241 25  7 68  0  0
 2  0      0 3457680  19072 294820    0    0     0    12 4740 5128 26  8 65  0  0
 1  0      0 3454440  19072 294820    0    0     0     0 5366 6108 28  7 65  0  0
 1  0      0 3454576  19072 294820    0    0     0     0 5766 6497 26  9 65  0  0
 2  0      0 3454228  19072 294820    0    0     0    20 5296 5678 26  8 66  0  0
 3  0      0 3452296  19072 294820    0    0     0     0 3514 3642 24  9 67  0  0
 1  0      0 3450936  19080 294820    0    0     0    20 2686 2694 23  8 69  0  0
 1  0      0 3450980  19080 294820    0    0     0     0 1184 1040 17  5 78  0  0
 3  0      0 3450756  19080 294820    0    0     0     0  199  236  6  6 89  0  0
 3  0      0 3449776  19080 294820    0    0     0     4  614  708 15  7 78  0  0
 1  0      0 3450532  19080 294820    0    0     0     8 1756 2254 15  8 77  0  0
 3  0      0 3450372  19088 294812    0    0     0    12 1288 1314 17  4 74  5  0
 4  0      0 3448872  19088 294820    0    0     0     0  965 1063 17  7 76  0  0
 2  0      0 3448872  19088 294820    0    0     0     0  321  325 14  3 83  0  0
 5  0      0 3448488  19088 294836    0    0     0     8  984  988 20  6 74  0  0
 2  0      0 3449524  19088 294836    0    0     0     0  595  646 13  8 79  0  0
 2  0      0 3449160  19088 294836    0    0     0     0 1191 1061 20  6 74  0  0
 2  0      0 3449672  19096 294836    0    0     0    12  987  909 16  5 76  2  0
procs -----------memory---------- ---swap-- -----io---- -system-- ------cpu-----
 r  b   swpd   free   buff  cache   si   so    bi    bo   in   cs us sy id wa st
 1  0      0 3449028  19096 294836    0    0     0     0 1943 2083 23  8 70  0  0
 1  0      0 3449416  19096 294836    0    0     0     4 3556 3775 26  8 66  0  0
 4  0      0 3448780  19096 294840    0    0     0     0 2826 2742 23  8 69  0  0
 1  0      0 3447476  19096 294856    0    0     0     0 3684 3975 28  7 66  0  0
 1  0      0 3447284  19104 294856    0    0     0    20 4137 4385 28  6 67  0  0
 1  0      0 3446448  19104 294856    0    0     0     0 3658 4074 25  8 67  0  0
 2  0      0 3446864  19104 294856    0    0     0     0 4918 5187 23 10 67  0  0
 1  0      0 3448936  19104 294872    0    0     0     4 4698 5211 26 10 64  0  0
 2  0      0 3447412  19104 294888    0    0     0     0 4921 5323 27  8 66  0  0
 1  0      0 3446904  19112 294892    0    0     0    20 5179 5900 26  8 65  0  0
 2  0      0 3445452  19112 294908    0    0     0     8 5344 5921 27  7 65  0  0
 3  0      0 3445440  19112 294908    0    0     0     0 4775 5450 26  8 65  0  0
 2  0      0 3445320  19112 294876    0    0     0     0 4663 5148 26  9 64  0  0
 1  0      0 3445104  19112 294876    0    0     0     4 5376 6193 27  8 65  0  0
 1  0      0 3444708  19120 294860    0    0     0    28 4884 5249 27  8 65  0  0
 1  0      0 3444964  19120 294864    0    0     0     0 5011 5623 27  8 65  0  0
 1  0      0 3444656  19120 294864    0    0     0     8 4666 5080 26  7 67  0  0
 1  0      0 3445644  19120 294864    0    0     0     0 4376 5052 26  9 65  0  0
 1  0      0 3445044  19120 294864    0    0     0     0 5122 5633 27  7 66  0  0
 3  0      0 3444236  19120 294864    0    0     0     4 5363 6092 27  8 65  0  0
 1  0      0 3443800  19128 294864    0    0     0    40 6474 7604 27  9 64  0  0
procs -----------memory---------- ---swap-- -----io---- -system-- ------cpu-----
 r  b   swpd   free   buff  cache   si   so    bi    bo   in   cs us sy id wa st
 2  0      0 3443364  19128 294864    0    0     0     4 5443 5877 26  7 67  0  0
 1  0      0 3444368  19128 294864    0    0     0     0 6137 7071 26  8 67  0  0
 1  0      0 3444264  19128 294864    0    0     0     0 5636 6581 27  8 65  0  0
 1  0      0 3443216  19128 294864    0    0     0     0 4183 4487 26  7 67  0  0
 1  0      0 3443604  19128 294868    0    0     0     4 5726 6357 25  9 66  0  0
 1  0      0 3443036  19136 294868    0    0     0    12 3923 4161 22  8 70  0  0
 3  0      0 3443176  19136 294872    0    0     0     8 4054 4499 26  8 65  0  0
 2  0      0 3442728  19136 294872    0    0     0     0 5612 5939 26  8 67  0  0
 0  0      0 3542008  19136 294880    0    0     0    28 17861 35097 36 10 55  0  0
