procs -----------memory---------- ---swap-- -----io---- -system-- ------cpu-----
 r  b   swpd   free   buff  cache   si   so    bi    bo   in   cs us sy id wa st
 1  0      0 2157680 242252 4613900    0    0    57  1535 1404 4208 16  9 72  2  0
 0  1      0 2161280 242252 4611380    0    0     0   516 1087 1513  6  7 84  3  0
 0  1      0 2218476 242252 4548428    0    0     0  5348 4147 6874  4  8 69 19  0
 0  1      0 2253868 242252 4517408    0    0     0  6596 6689 11209  6  9 69 15  0
 0  1      0 2253868 242252 4517520    0    0     0  7696 8359 14415  3  7 74 16  0
 0  1      0 2251880 242252 4517632    0    0     0  8152 8772 15134  3 10 71 17  0
 0  1      0 2251880 242252 4517724    0    0     0  6684 7251 12166  3  9 72 17  0
 0  1      0 2252636 242252 4517744    0    0     0  3468 3484 5338  5 13 67 15  0
 4  1      0 2252636 242252 4517788    0    0     0  4024 4360 6710  3  8 71 18  0
 1  1      0 2252440 242252 4517812    0    0     0  3856 4373 6899  5 15 63 17  0
 2  1      0 2252440 242252 4517864    0    0     0  4348 5219 8154  4  8 72 16  0
12  2      0 2251936 242252 4517892    0    0     0  2424 2359 3487  5 15 62 17  0
 2  0      0 2252476 242252 4517916    0    0     0  3580 4369 6888  5 10 67 18  0
 2  1      0 2250992 242252 4517996    0    0     0  5180 6235 10229  4  9 69 18  0
 3  1      0 2250992 242252 4518040    0    0     0  4124 5025 7934  4  8 70 18  0
 1  1      0 2250768 242252 4518084    0    0     0  3384 4360 6791  5 13 67 16  0
 2  1      0 2250768 242252 4518116    0    0     0  3976 4871 7906  3  9 70 18  0
 3  1      0 2250768 242252 4518164    0    0     0  3968 5065 8512  4 12 66 18  0
 4  0      0 2250768 242252 4518308    0    0     0  6112 6866 11567  3  7 73 16  0
 2  1      0 2250768 242252 4518360    0    0     0  4672 5101 8513  4 10 66 19  0
 1  2      0 2250768 242252 4518552    0    0     0  9920 10169 17925  3  7 73 17  0
procs -----------memory---------- ---swap-- -----io---- -system-- ------cpu-----
 r  b   swpd   free   buff  cache   si   so    bi    bo   in   cs us sy id wa st
 2  0      0 2250516 242252 4518692    0    0     0  9764 10088 17842  3  7 73 17  0
 0  1      0 2250092 242252 4530848    0    0     0 23108 8582 14932  7  8 69 16  0
 3  1      0 2206136 242252 4542156    0    0     0 26028 10163 17808  5 10 66 18  0
 5  1      0 2191548 242252 4553744    0    0     0 21828 16028 28777 12 11 66 11  0
 2  1      0 2189784 242252 4553784    0    0     0  4960 27852 51597 11 11 74  4  0
 1  1      0 2189784 242252 4553784    0    0     0  2528 30138 57041 10 12 77  1  0
 0  1      0 2190540 242252 4553976    0    0     0  3704 21280 39997  6  9 83  2  0
 0  0      0 2190540 242252 4553976    0    0     0  5560 1008 1756  0  2 96  2  0
 1  1      0 2188524 242252 4554052    0    0     0  1844 6847 12290  2  5 90  2  0
 0  0      0 2188524 242252 4554324    0    0     0  8940 8689 14771  6  8 78  9  0
 2  1      0 2188272 242252 4554324    0    0     0   244  498  732  1  1 98  0  0
 2  1      0 2188272 242252 4554332    0    0     0   496 2960 5027  2  2 95  0  0
13  0      0 2187228 242252 4554716    0    0     0 10484 12511 23398 16 14 60  9  0
18  1      0 2184296 242252 4559932    0    0     0 14736 12588 51503 42 34 18  6  0
24  0      0 2174752 242252 4562172    0    0     0  7956 9162 36789 38 40 17  5  0
14  1      0 2178364 242252 4562684    0    0     0  5252 8189 35270 30 41 21  8  0
23  1      0 2179768 242252 4564760    0    0     0  7876 9820 44332 39 41 14  6  0
16  0      0 2173464 242252 4566024    0    0     0  6100 9565 43979 38 41 15  6  0
13  1      0 2173644 242252 4570060    0    0     0  9704 10346 46425 43 39 15  3  0
16  2      0 2166912 242252 4572992    0    0     0 12776 10332 50251 38 39 17  5  0
22  1      0 2160596 242252 4576320    0    0     0  5040 7419 36471 36 42 16  5  0
procs -----------memory---------- ---swap-- -----io---- -system-- ------cpu-----
 r  b   swpd   free   buff  cache   si   so    bi    bo   in   cs us sy id wa st
19  1      0 2155164 242252 4578812    0    0     0  7264 11319 63757 49 37 12  3  0
21  1      0 2157544 242252 4580292    0    0     0  6800 9867 54098 40 41 13  5  0
11  2      0 2151880 242252 4581416    0    0     0  8076 11690 63116 45 42 11  2  0
22  1      0 2146140 242252 4582460    0    0     0  4964 8367 56115 41 44 12  3  0
22  1      0 2153512 242252 4585972    0    0     0  9400 10235 57443 42 42 12  4  0
16  1      0 2147412 242252 4587612    0    0     0  6928 11407 74545 49 42  8  1  0
25  0      0 2147644 242252 4590092    0    0     0  9804 12670 71809 47 41 10  2  0
15  1      0 2143148 242252 4591688    0    0     0  7344 12267 73892 50 40  7  2  0
17  0      0 2145788 242252 4592932    0    0     0  7184 11268 64227 45 43 10  2  0
23  1      0 2138460 242252 4600020    0    0     0 10976 8037 42384 39 43 12  7  0
14  1      0 2136036 242252 4600780    0    0     0  2660 4181 22391 35 42 13 10  0
26  5      0 2136036 242252 4600740    0    0     0   452  905 4373 34 37 20 10  0
29  1      0 2134776 242252 4600744    0    0     0   272  230  783 31 59  3  7  0
42  0      0 2133264 242252 4600744    0    0     0  1592  858 4892 33 50  4 13  0
 9  1      0 2133824 242252 4600984    0    0     0  2572 5329 31512 31 34 19 17  0
13  1      0 2132840 242252 4601236    0    0     0  4032 2329 8880 27 33 27 14  0
25  1      0 2133096 242252 4601492    0    0     0   824 1166 4262 18 32 12 37  0
 6  1      0 2129784 242252 4601496    0    0     0   688 1111 6220 32 44 21  3  0
34  0      0 2134164 242252 4601512    0    0     0  1524 1268 4444 23 42 21 13  0
12  1      0 2132232 242252 4601520    0    0     0 12000 1975 9401 32 46 15  7  0
13  1      0 2132472 242252 4601932    0    0     0  1556 2533 15684 30 32 27 11  0
procs -----------memory---------- ---swap-- -----io---- -system-- ------cpu-----
 r  b   swpd   free   buff  cache   si   so    bi    bo   in   cs us sy id wa st
16  3      0 2129016 242252 4602216    0    0     0  1784 1750 9632 34 46 12  7  0
 8  1      0 2134168 242252 4602496    0    0     0  6168 4819 28409 41 40 13  6  0
18  0      0 2138828 242252 4603192    0    0     0  5484 8361 41674 38 45 12  6  0
15  0      0 2135028 242252 4604012    0    0     0  4800 8346 45539 39 40 18  4  0
15  0      0 2131528 242252 4605316    0    0     0  6096 9098 52386 46 42  9  3  0
17  0      0 2130896 242252 4606032    0    0     0  5932 9576 50045 43 41 13  3  0
15  1      0 2124360 242252 4607704    0    0     0  5704 8160 47234 42 40 13  4  0
21  1      0 2125696 242252 4609016    0    0     0  6968 10415 68587 47 38 12  3  0
22  0      0 2126092 242252 4610372    0    0     0  7316 12057 66758 44 39 13  4  0
17  0      0 2125992 242252 4611752    0    0     0  7840 11905 67362 46 39 12  3  0
15  1      0 2113492 242252 4619772    0    0     0 15696 11742 68292 45 41 11  3  0
13  0      0 2115972 242252 4621616    0    0     0  8128 10855 69858 45 42 11  2  0
15  1      0 2111272 242252 4622868    0    0     0  7780 10254 54269 39 44 13  4  0
10  0      0 2113888 242252 4624092    0    0     0  7512 11473 66939 46 42  9  3  0
20  1      0 2108212 242252 4625688    0    0     0 16796 12497 64458 44 43  9  4  0
11  0      0 2112888 242252 4627336    0    0     0  8804 11472 61542 42 42 13  4  0
13  1      0 2100892 242252 4628340    0    0     0  8648 13033 66868 44 40 13  3  0
15  1      0 2099072 242252 4630724    0    0     0 11284 10425 60272 40 45 11  4  0
14  1      0 2099716 242252 4631984    0    0     0  7544 11488 75226 47 39 11  4  0
17  0      0 2103752 242252 4633132    0    0     0 25624 12251 71058 44 39 13  5  0
14  0      0 2094752 242252 4634508    0    0     0 10048 12945 82794 44 41 12  3  0
procs -----------memory---------- ---swap-- -----io---- -system-- ------cpu-----
 r  b   swpd   free   buff  cache   si   so    bi    bo   in   cs us sy id wa st
14  1      0 2094836 242252 4635432    0    0     0  8992 13371 79535 45 42 11  2  0
21  0      0 2099744 242252 4636400    0    0     0  8064 12539 75658 44 42 11  3  0
15  0      0 2091540 242252 4643648    0    0     0 15092 15375 86883 44 42 11  3  0
 9  1      0 2091052 242252 4644976    0    0     0 11480 11297 62292 43 41 12  4  0
18  2      0 2086768 242252 4647092    0    0     0 10084 11171 62384 41 44 11  4  0
22  0      0 2082076 242252 4648316    0    0     0  8592 11999 74184 48 40 11  2  0
17  0      0 2084688 242252 4649244    0    0     0  6472 7463 42779 33 38 21  9  0
16  0      0 2079292 242252 4651264    0    0     0  8076 8874 49361 36 42 16  5  0
 1  1      0 2080064 242252 4653304    0    0     0  9156 12332 70754 46 37 13  3  0
 0  0      0 2077384 242252 4653588    0    0     0  2904 1291 2121  1  2 97  1  0
