procs -----------memory---------- ---swap-- -----io---- -system-- ------cpu-----
 r  b   swpd   free   buff  cache   si   so    bi    bo   in   cs us sy id wa st
 4  0      0 3536340  20636 296136    0    0    13     3  281  329  5  2 92  0  0
 0  0      0 3509476  20636 296000    0    0     0     0 1370 1803  1  1 98  0  0
 0  0      0 3509476  20636 296000    0    0     0     0   40   30  0  0 100  0  0
 0  0      0 3508216  20636 296000    0    0     0     0  135  257  0  0 100  0  0
 0  0      0 3508216  20636 296000    0    0     0     0   61   53  0  0 100  0  0
 1  0      0 3507048  20648 296000    0    0     0   956  377  584  0  1 99  0  0
 0  0      0 3505900  20648 296000    0    0     0    12 1545 1795  0  0 99  0  0
 0  0      0 3503648  20648 296000    0    0     0     0  167  276  0  1 99  0  0
 0  0      0 3503172  20648 296000    0    0     0     0 1048 1213  0  0 99  0  0
 0  0      0 3500904  20648 296000    0    0     0    20  168  268  0  0 100  0  0
 1  0      0 3479540  20656 295992    0    0     0    40 3985 5258  8  4 87  0  0
 3  0      0 3463540  20656 296000    0    0     0     4 7559 8814 29  9 63  0  0
 1  0      0 3458580  20656 296004    0    0     0     0 7424 8273 30  8 62  0  0
 1  0      0 3448100  20656 296008    0    0     0     0 7489 8655 30  8 62  0  0
 2  0      0 3442952  20656 296008    0    0     0     0 7022 8024 30  6 64  0  0
 1  0      0 3439852  20664 296012    0    0     0    60 6713 8049 31  8 61  0  0
 1  0      0 3438048  20664 296016    0    0     0     0 6570 7525 28  7 65  0  0
 2  0      0 3437860  20664 296016    0    0     0     4 7150 8244 30 10 59  0  0
 1  0      0 3434688  20664 296024    0    0     0     0 7211 8224 29  7 65  0  0
 2  0      0 3433608  20664 296008    0    0     0     0 6210 7313 28  9 63  0  0
 1  0      0 3433560  20672 296000    0    0     0    28 4382 4866 28  8 63  0  0
procs -----------memory---------- ---swap-- -----io---- -system-- ------cpu-----
 r  b   swpd   free   buff  cache   si   so    bi    bo   in   cs us sy id wa st
 2  0      0 3431216  20672 296012    0    0     0    16 7226 8717 30  8 62  0  0
 3  0      0 3431360  20672 296012    0    0     0     0 7521 9040 31  8 62  0  0
 1  0      0 3429168  20672 296016    0    0     0     4 6811 8094 30  8 63  0  0
 1  0      0 3428912  20672 296032    0    0     0     0 7407 8443 27  7 65  0  0
 1  0      0 3427572  20680 296036    0    0     0    20 7042 8140 29  7 64  0  0
 2  0      0 3426564  20680 296044    0    0     0    20 8273 9604 32  8 61  0  0
 1  0      0 3424464  20680 296068    0    0     0     0 7948 9271 28  9 64  0  0
 1  0      0 3423580  20680 296084    0    0     0     0 7629 9095 28  7 65  0  0
 1  0      0 3423248  20680 296084    0    0     0     4 7039 8442 29  8 63  0  0
 1  0      0 3421812  20688 296100    0    0     0    20 5852 6685 27  9 64  0  0
 1  0      0 3420768  20688 296124    0    0     0    16 6958 8361 32  6 62  0  0
 2  0      0 3419280  20688 296120    0    0     0     0 6397 7515 30  7 63  0  0
 1  0      0 3418216  20688 296124    0    0     0     0 7293 8792 31  5 64  0  0
 1  0      0 3417840  20688 296124    0    0     0     0 6955 8167 30  7 63  0  0
 1  0      0 3416580  20688 296124    0    0     0     4 7482 8973 30  9 62  0  0
 2  0      0 3415788  20696 296128    0    0     0    32 7104 8602 31  7 62  0  0
 1  0      0 3415224  20696 296128    0    0     0    12 7219 8786 30  7 62  0  0
 2  0      0 3414108  20696 296148    0    0     0     0 7002 7955 30  7 62  0  0
 1  0      0 3411908  20696 296148    0    0     0     0 6810 8302 29  8 62  0  0
 1  0      0 3412188  20696 296148    0    0     0     0 6547 7849 29  7 63  0  0
 1  0      0 3410944  20704 296180    0    0     0    24 6989 8555 32  8 60  0  0
procs -----------memory---------- ---swap-- -----io---- -system-- ------cpu-----
 r  b   swpd   free   buff  cache   si   so    bi    bo   in   cs us sy id wa st
 1  0      0 3409096  20704 296196    0    0     0    12 8399 9907 32  9 59  0  0
 4  0      0 3409352  20704 296200    0    0     0     0 7123 8621 31  8 61  0  0
 2  0      0 3408836  20704 296204    0    0     0     0 6736 7936 31  8 61  0  0
 3  0      0 3407356  20704 296208    0    0     0     0 7102 8469 31 10 59  0  0
 2  0      0 3406040  20712 296208    0    0     0    28 6927 8428 31  9 61  0  0
 1  0      0 3404148  20712 296212    0    0     0    24 7600 9090 30  9 61  0  0
 2  0      0 3405168  20712 296244    0    0     0     0 6689 7814 29  6 65  0  0
 1  0      0 3403336  20712 296248    0    0     0     0 6072 7235 29  6 64  0  0
 2  0      0 3403664  20712 296248    0    0     0     0 7136 8347 29  8 62  0  0
 1  0      0 3404420  20712 296248    0    0     0     4 8150 9538 31  8 60  0  0
 1  0      0 3403380  20720 296252    0    0     0    40 7607 9084 31  6 63  0  0
 3  0      0 3402772  20720 296252    0    0     0     4 8086 9579 30  9 61  0  0
 1  0      0 3402536  20720 296240    0    0     0     0 6757 8160 29  9 62  0  0
 1  0      0 3403120  20720 296240    0    0     0     0 6981 8241 30  9 61  0  0
 2  0      0 3402860  20720 296244    0    0     0     0 7472 8722 28  9 63  0  0
 3  0      0 3403276  20728 296216    0    0     0    40 7503 8868 29  8 63  0  0
 4  0      0 3402456  20728 296224    0    0     0     0 7878 9199 32  8 60  0  0
 2  0      0 3401504  20728 296232    0    0     0     4 6724 8055 30  6 63  0  0
 1  0      0 3402068  20728 296236    0    0     0     0 7278 8794 31  7 61  0  0
 1  0      0 3401660  20728 296256    0    0     0     0 8622 10526 33  8 59  0  0
 1  0      0 3401592  20736 296264    0    0     0    52 8535 10164 32  8 60  0  0
procs -----------memory---------- ---swap-- -----io---- -system-- ------cpu-----
 r  b   swpd   free   buff  cache   si   so    bi    bo   in   cs us sy id wa st
 1  0      0 3402768  20736 296316    0    0     0     0 9101 10228 30  8 62  0  0
 2  0      0 3402936  20736 296332    0    0     0     0 8332 9829 30  9 61  0  0
 1  0      0 3403080  20736 296336    0    0     0     4 7246 8991 31  8 60  0  0
 1  0      0 3400708  20736 296352    0    0     0     0 7111 8306 31  6 62  0  0
 1  0      0 3400260  20744 296368    0    0     0    24 6282 7411 28 10 62  0  0
 2  0      0 3400480  20744 296388    0    0     0    16 6219 7102 30  7 63  0  0
 2  0      0 3399216  20744 296324    0    0     0     0 5326 6215 29  7 64  0  0
 0  0      0 3533644  20744 296320    0    0     0     4 14393 25520 32 11 58  0  0
