procs -----------memory---------- ---swap-- -----io---- -system-- ------cpu-----
 r  b   swpd   free   buff  cache   si   so    bi    bo   in   cs us sy id wa st
 1  0      0 1108888 244792 5494716    0    0    29  1228 1064 1385 12  9 77  2  0
 0  1      0 1216512 244792 5379672    0    0     0 24068 13840 25989  2  5 75 18  0
 0  1      0 1216512 244792 5380072    0    0     0 18712 16657 32043  1  5 75 19  0
 0  1      0 1216260 244792 5380476    0    0     0 18800 16511 31616  1  6 74 19  0
 4  0      0 1199816 244792 5391116    0    0     0 29712 16200 30806  2  6 73 19  0
 2  0      0 1200404 244792 5415840    0    0     0 49436 18353 34484  7  8 69 17  0
 0  0      0 1198524 244792 5416016    0    0     0  5788 12659 22749  7  3 88  3  0
 0  0      0 1195500 244792 5416020    0    0     0  2832  696 1247  0  2 97  1  0
 0  0      0 1195500 244792 5416180    0    0     0  4276 5610 9637  1  2 94  3  0
 3  0      0 1195008 244792 5416180    0    0     0  6872 1179 2262  0  1 97  2  0
 1  1      0 1192236 244792 5416184    0    0     0  1832 5169 8786  3  2 93  2  0
10  1      0 1183772 244792 5425124    0    0     0 25360 14389 56920 34 31 26  8  0
21  1      0 1174528 244792 5429584    0    0     0 13332 13874 60979 39 38 17  6  0
 9  1      0 1165012 244792 5435156    0    0     0 13664 13684 76015 39 38 17  6  0
17  1      0 1159656 244792 5439520    0    0     0 13872 13855 69770 41 37 16  6  0
16  1      0 1154760 244792 5443168    0    0     0 11360 12407 61044 36 41 18  5  0
15  0      0 1146644 244792 5445748    0    0     0 25068 11678 66576 36 37 19  8  0
14  1      0 1140812 244792 5453996    0    0     0 15096 12929 71070 40 41 14  6  0
13  0      0 1130140 244792 5458100    0    0     0 12988 13075 70010 42 38 14  6  0
17  0      0 1132400 244792 5460900    0    0     0 11136 11710 70342 39 41 13  7  0
14  1      0 1125036 244792 5469596    0    0     0 14540 8322 54802 33 42 17  8  0
procs -----------memory---------- ---swap-- -----io---- -system-- ------cpu-----
 r  b   swpd   free   buff  cache   si   so    bi    bo   in   cs us sy id wa st
11  1      0 1112616 244792 5473352    0    0     0 11676 10348 74809 35 42 16  7  0
23  0      0 1111636 244792 5479096    0    0     0 12424 12064 89244 44 40 11  5  0
24  0      0 1105216 244792 5481308    0    0     0 11192 10975 73508 42 38 13  7  0
16  2      0 1104588 244792 5484052    0    0     0 12564 12210 84198 43 39 12  6  0
21  0      0 1097396 244792 5487280    0    0     0 12660 11425 77304 40 41 13  6  0
13  1      0 1091392 244792 5493488    0    0     0 22744 13040 75721 40 44 11  6  0
25  0      0 1088468 244792 5495260    0    0     0 12492 12516 92317 45 38 13  5  0
17  0      0 1083892 244792 5497096    0    0     0 12584 12517 87806 42 39 14  5  0
15  0      0 1079148 244792 5498876    0    0     0 11932 11490 100004 42 40 13  5  0
17  0      0 1085276 244792 5500096    0    0     0  9076 9384 61481 40 39 16  6  0
14  1      0 1085072 244792 5501668    0    0     0 33764 10617 69149 41 41 12  6  0
16  1      0 1082632 244792 5503028    0    0     0 11860 11911 73632 45 36 13  6  0
18  1      0 1075896 244792 5508992    0    0     0 14932 10483 73800 41 38 14  7  0
 9  2      0 1071396 244792 5510380    0    0     0 11584 11244 80791 44 38 12  7  0
12  2      0 1067320 244792 5511872    0    0     0 11052 10982 88304 42 40 12  6  0
18  0      0 1064136 244792 5516676    0    0     0 16692 12462 98127 40 42 12  6  0
 9  6      0 1060720 244792 5517976    0    0     0 11608 11812 85644 41 42 10  7  0
10  1      0 1066048 244792 5521168    0    0     0 13732 11428 79515 39 42 12  8  0
18  1      0 1053888 244792 5524392    0    0     0 12984 10517 90667 36 44 14  6  0
12  1      0 1051736 244792 5526644    0    0     0 11028 10372 87200 41 38 13  8  0
 7  1      0 1042732 244792 5534452    0    0     0 19928 12082 77828 44 38 10  7  0
procs -----------memory---------- ---swap-- -----io---- -system-- ------cpu-----
 r  b   swpd   free   buff  cache   si   so    bi    bo   in   cs us sy id wa st
10  1      0 1038632 244792 5536836    0    0     0 12924 12498 77056 42 39 12  7  0
16  1      0 1040512 244792 5538908    0    0     0 12864 11932 76059 39 42 13  5  0
19  1      0 1032592 244792 5541556    0    0     0 14448 12617 75023 42 41 13  5  0
 9  0      0 1034344 244792 5545172    0    0     0 12768 10989 73054 38 39 17  5  0
17  0      0 1033748 244792 5547616    0    0     0 19928 11867 86387 41 40 12  7  0
17  1      0 1016484 244792 5554496    0    0     0 16648 11577 79470 43 38 11  7  0
18  1      0 1014756 244792 5556916    0    0     0 30356 11383 89194 42 43 10  5  0
11  1      0 1016792 244792 5558260    0    0     0  9568 9364 75104 36 40 13 10  0
11  1      0 1002596 244792 5567712    0    0     0 18872 10366 90075 39 42 13  6  0
16  0      0 1001756 244792 5569780    0    0     0 12444 11980 75380 39 44 12  5  0
14  1      0 996240 244792 5572424    0    0     0 12364 12302 78093 42 41 12  6  0
19  0      0 997496 244792 5576096    0    0     0 14364 12333 78421 41 41 12  6  0
18  1      0 987320 244792 5582428    0    0     0 16208 11311 78093 37 46 13  4  0
 9  1      0 1027552 244792 5544428    0    0     0 32112 10614 73780 42 40 12  6  0
13  1      0 1019236 244792 5547292    0    0     0 12856 11509 78836 43 38 13  6  0
 7  1      0 1022912 244792 5548852    0    0     0 14388 13202 77723 44 36 14  6  0
17  0      0 1022376 244792 5550564    0    0     0 11636 11567 74894 39 43 13  6  0
 6  2      0 1018600 244792 5555696    0    0     0 15800 12373 72051 42 38 14  6  0
13  0      0 1013528 244792 5557140    0    0     0 10024 10101 69349 41 38 14  7  0
14  0      0 1014356 244792 5558652    0    0     0 12280 13412 89990 48 36 10  5  0
24  0      0 1008324 244792 5560104    0    0     0 17652 13892 78808 42 41 12  6  0
procs -----------memory---------- ---swap-- -----io---- -system-- ------cpu-----
 r  b   swpd   free   buff  cache   si   so    bi    bo   in   cs us sy id wa st
12  3      0 1007408 244792 5566512    0    0     0 20024 13829 71077 40 40 14  6  0
11  1      0 1008676 244792 5568028    0    0     0 13632 13105 76997 44 39 11  5  0
23  1      0 1002460 244792 5569872    0    0     0 12716 11421 85718 44 40 11  5  0
 9  1      0 996920 244792 5571224    0    0     0 11924 11748 78832 42 37 15  6  0
 5  2      0 994932 244792 5572532    0    0     0 17520 9889 75240 35 42 15  8  0
 2  1      0 994148 244792 5574416    0    0     0 10940 9661 74642 37 42 13  8  0
 6  1      0 990728 244792 5576904    0    0     0 10780 9915 74697 36 40 16  8  0
23  1      0 994432 244792 5578052    0    0     0  7788 7373 55579 35 41 15  8  0
 1  0      0 994860 244792 5578156    0    0     0  4180 1418 4196  1  2 95  1  0
