procs -----------memory---------- ---swap-- -----io---- -system-- ------cpu-----
 r  b   swpd   free   buff  cache   si   so    bi    bo   in   cs us sy id wa st
 1  0      0 3539384  18696 294924    0    0    29     5  265  296  6  2 92  0  0
 0  0      0 3514500  18696 294860    0    0     0     0  906 1497  1  0 98  0  0
 0  0      0 3511760  18696 294860    0    0     0     0  171  271  0  0 99  0  0
 0  0      0 3511760  18696 294860    0    0     0     0   40   40  0  0 100  0  0
 0  0      0 3512068  18696 294860    0    0     0     0  186  280  0  2 98  0  0
 0  0      0 3512068  18708 294848    0    0     0    76   62   76  0  0 100  0  0
 0  0      0 3512348  18708 294860    0    0     0     8  168  266  0  0 99  0  0
 0  0      0 3512348  18708 294860    0    0     0     0   40   37  0  0 100  0  0
 0  0      0 3511592  18708 294860    0    0     0     0  190  277  0  1 99  0  0
 0  0      0 3511592  18708 294860    0    0     0     0   31   32  0  0 100  0  0
 0  0      0 3511764  18708 294860    0    0     0    28  158  254  0  1 99  0  0
 0  0      0 3511848  18716 294860    0    0     0    32   57   56  0  0 100  0  0
 0  0      0 3511372  18716 294860    0    0     0     0  175  281  0  1 99  0  0
 1  0      0 3511372  18716 294860    0    0     0     0   27   26  0  0 100  0  0
 0  0      0 3511896  18748 294836    0    0     0   912 1567 2034  1  2 97  1  0
 0  0      0 3511492  18748 294860    0    0     0     0  425  461  0  0 100  0  0
 1  0      0 3509084  18748 294860    0    0     0    28  706  905  0  1 99  0  0
 1  0      0 3509084  18748 294860    0    0     0     0   33   26  0  0 100  0  0
 0  0      0 3505836  18748 294860    0    0     0     4  352  496  0  1 98  0  0
 0  0      0 3505108  18756 294860    0    0     0    12  901 1180  1  2 97  0  0
 0  0      0 3504136  18756 294860    0    0     0     0 1332 1818  1  3 97  0  0
procs -----------memory---------- ---swap-- -----io---- -system-- ------cpu-----
 r  b   swpd   free   buff  cache   si   so    bi    bo   in   cs us sy id wa st
 0  0      0 3504136  18756 294860    0    0     0     4  236  273  0  0 100  0  0
 0  0      0 3504388  18756 294860    0    0     0     0  161  282  0  2 97  0  0
 0  0      0 3502044  18756 294860    0    0     0     0  730  989  1  1 98  0  0
 1  0      0 3486028  18756 294860    0    0     0     0 2115 2636  4  2 94  0  0
 2  0      0 3472376  18764 294860    0    0     0    16 4409 4602 25  9 65  0  0
 1  0      0 3463576  18764 294860    0    0     0     0 3253 3012 24  8 67  0  0
 1  0      0 3459396  18764 294860    0    0     0     4 4878 5310 28  8 64  0  0
 1  0      0 3453544  18764 294860    0    0     0     0 5805 6378 27  9 64  0  0
 1  0      0 3455392  18764 294864    0    0     0    12 6636 7404 26 10 64  0  0
 1  0      0 3452924  18772 294864    0    0     0    20 5722 6270 28  8 64  0  0
 1  0      0 3453388  18772 294864    0    0     0     0 5379 5948 27  8 65  0  0
 1  0      0 3451504  18772 294864    0    0     0     0 5227 5622 27  8 65  0  0
 1  0      0 3448636  18772 294864    0    0     0     4 3824 4026 27  8 65  0  0
 1  0      0 3449164  18772 294864    0    0     0     0 3324 3419 24  7 69  0  0
 1  1      0 3448664  18780 294856    0    0     0    28 1644 1544 18  6 75  1  0
 4  0      0 3449204  18780 294864    0    0     0     0 2649 2696 26  6 68  1  0
 1  0      0 3448284  18780 294864    0    0     0     0 8449 9259 28  7 65  0  0
 1  0      0 3449896  18780 294864    0    0     0     0 7430 8522 29  8 63  0  0
 1  0      0 3449256  18780 294832    0    0     0     4 4953 5407 27  7 66  0  0
 2  0      0 3449300  18780 294832    0    0     0     8 4845 5308 27  8 65  0  0
 2  0      0 3448112  18788 294836    0    0     0    12 7152 8576 27  8 64  0  0
procs -----------memory---------- ---swap-- -----io---- -system-- ------cpu-----
 r  b   swpd   free   buff  cache   si   so    bi    bo   in   cs us sy id wa st
 7  0      0 3445996  18788 294836    0    0     0     0 7949 8590 27  8 65  0  0
 2  0      0 3446076  18788 294836    0    0     0     0 7438 8619 27  9 64  0  0
 1  0      0 3447116  18788 294792    0    0     0     0 6407 7107 29  8 63  0  0
 1  0      0 3444096  18788 294796    0    0     0    24 6054 6959 28  8 64  0  0
 2  0      0 3443684  18796 294796    0    0     0    20 8120 9448 28  9 62  0  0
 1  0      0 3442056  18796 294796    0    0     0     0 8749 10215 29  9 62  0  0
 1  0      0 3441228  18796 294796    0    0     0     0 8257 9426 28  9 63  0  0
 1  0      0 3438060  18796 294812    0    0     0     0 5833 6389 28  6 66  0  0
 1  0      0 3438580  18796 294828    0    0     0     0 5671 6097 27  8 65  0  0
 1  0      0 3437460  18804 294848    0    0     0    40 4187 4500 26  8 66  0  0
 2  0      0 3439060  18804 294848    0    0     0     0 3330 3303 25  7 68  0  0
 4  0      0 3440600  18804 294848    0    0     0     0 5936 6596 27  7 66  0  0
 3  0      0 3439568  18804 294848    0    0     0     0 4529 4837 27  8 64  0  0
 1  0      0 3441172  18804 294848    0    0     0     0 4241 4455 26  9 65  0  0
 2  0      0 3442056  18812 294848    0    0     0    16 2285 2217 25  6 66  2  0
 1  0      0 3440524  18812 294848    0    0     0     4 1654 1463 20  8 72  0  0
 1  0      0 3444148  18812 294848    0    0     0     0 3566 3970 25  9 66  0  0
 1  0      0 3440736  18812 294848    0    0     0     0 6804 7695 29  7 64  0  0
 2  0      0 3440608  18812 294848    0    0     0     0 7671 8840 28  9 63  0  0
 2  0      0 3440596  18812 294848    0    0     0     0 5453 6281 28  9 63  0  0
 2  0      0 3441816  18820 294868    0    0     0    20 8046 9373 28  8 64  0  0
procs -----------memory---------- ---swap-- -----io---- -system-- ------cpu-----
 r  b   swpd   free   buff  cache   si   so    bi    bo   in   cs us sy id wa st
 1  0      0 3441784  18820 294868    0    0     0     4 7704 9074 29  7 64  0  0
 1  0      0 3439680  18820 294852    0    0     0     0 8488 9830 28  8 64  0  0
 1  0      0 3439196  18820 294856    0    0     0     0 8270 9373 29 10 61  0  0
 1  0      0 3439236  18820 294856    0    0     0     0 8813 9858 27  9 64  0  0
 1  0      0 3437928  18828 294864    0    0     0    24 8673 10083 29  9 62  0  0
 1  0      0 3438140  18828 294864    0    0     0     8 4581 4798 28  8 64  0  0
 1  0      0 3437688  18828 294884    0    0     0     4 5209 5851 27  6 67  0  0
 1  0      0 3436348  18828 294888    0    0     0     0 5623 5966 29  9 62  0  0
 2  0      0 3438316  18828 294896    0    0     0     0 4331 4820 26  8 66  0  0
 2  0      0 3437656  18836 294900    0    0     0    36 9130 10783 28  9 63  0  0
 1  0      0 3436140  18836 294900    0    0     0     0 8932 10689 29  8 63  0  0
 1  0      0 3438084  18836 294900    0    0     0     4 6452 7228 27  8 65  0  0
 2  0      0 3438676  18836 294900    0    0     0     4 7852 8982 29  8 63  0  0
 1  0      0 3438420  18836 294920    0    0     0     0 8289 9420 28  8 64  0  0
 1  0      0 3438616  18844 294920    0    0     0    12 7951 9199 28  8 64  0  0
 1  0      0 3438312  18844 294904    0    0     0     0 6460 7305 27  9 64  0  0
 1  0      0 3437824  18844 294904    0    0     0     0 3201 3319 25  8 68  0  0
 1  0      0 3439772  18844 294904    0    0     0     8 4518 4723 28  8 64  0  0
 1  0      0 3438772  18844 294888    0    0     0     4 3509 3610 25  7 68  0  0
 1  0      0 3438216  18852 294888    0    0     0    24 2807 2986 26 12 63  0  0
 1  0      0 3440408  18852 294888    0    0     0     0 4846 5442 29  8 63  0  0
procs -----------memory---------- ---swap-- -----io---- -system-- ------cpu-----
 r  b   swpd   free   buff  cache   si   so    bi    bo   in   cs us sy id wa st
 0  0      0 3544040  18868 294872    0    0     0    72 4621 5732 20  6 74  0  0
 1  0      0 3540712  18868 294888    0    0     0     4  785  982 12  7 81  0  0
