procs -----------memory---------- ---swap-- -----io---- -system-- ------cpu-----
 r  b   swpd   free   buff  cache   si   so    bi    bo   in   cs us sy id wa st
 1  0      0 2206240 242212 4568240    0    0    66  1654 1504 4330 17  9 72  2  0
 1  0      0 2306768 242212 4468136    0    0     0 14040 7950 13839  4  6 74 16  0
 0  1      0 2308840 242212 4468284    0    0     0  7184 8673 15276  1  7 75 17  0
 0  1      0 2308840 242212 4468460    0    0     0  9424 10461 18771  1  4 76 19  0
 0  1      0 2308084 242212 4468664    0    0     0  8144 9364 16725  1  6 75 18  0
 0  1      0 2308084 242212 4468724    0    0     0  4144 5910 9761  2  6 76 17  0
 1  0      0 2308084 242212 4468956    0    0     0  8268 9676 17195  1  6 75 18  0
 0  1      0 2308084 242212 4469116    0    0     0  8564 10027 17858  2  5 76 17  0
 0  1      0 2307860 242212 4469400    0    0     0  8728 9964 17833  2  6 76 17  0
 0  1      0 2307860 242212 4469588    0    0     0  8468 9838 17405  2  5 75 18  0
 0  0      0 2307356 242212 4469716    0    0     0  6896 8672 14926  2  7 74 17  0
 0  2      0 2326776 242220 4482396    0    0     0 24544 8972 15707  7  8 68 17  0
 1  2      0 2296132 242220 4493240    0    0     0 20432 6182 10326  8  7 68 18  0
 1  1      0 2286628 242220 4504688    0    0     0 21872 11944 21015  9 13 61 17  0
 1  0      0 2286656 242220 4504780    0    0     0  5068 14227 25301 13 11 68  7  0
 1  0      0 2286656 242220 4504816    0    0     0  4288 17727 32291 11  9 73  7  0
 1  0      0 2284984 242220 4505012    0    0     0  3492 42725 82744  9 13 77  1  0
 0  0      0 2282248 242220 4505360    0    0     0  3108 7605 14037  2  3 94  2  0
 2  0      0 2281492 242220 4505392    0    0     0  2220  741 1176  0  1 97  1  0
 0  1      0 2281464 242220 4505428    0    0     0  4048 2490 4201  2  5 85  7  0
 2  1      0 2283328 242220 4505476    0    0     0  4312 4511 7879  3  9 69 18  0
procs -----------memory---------- ---swap-- -----io---- -system-- ------cpu-----
 r  b   swpd   free   buff  cache   si   so    bi    bo   in   cs us sy id wa st
 3  0      0 2283328 242220 4505648    0    0     0  3716 7737 13629  3  5 88  5  0
 1  0      0 2281088 242220 4505684    0    0     0   140  618  810  0  1 98  0  0
 4  1      0 2281232 242220 4505720    0    0     0  4380 2830 4764  3  4 83  9  0
 6  0      0 2285500 242220 4505796    0    0     0  5072 10194 17586 10 12 69  9  0
14  1      0 2266180 242220 4511108    0    0     0 10384 10054 28475 23 21 47  9  0
 5  1      0 2265032 242220 4512188    0    0     0  6956 8609 34567 30 29 29 12  0
16  4      0 2265056 242224 4516216    0    0     0 10764 11803 55782 39 36 19  6  0
 9  0      0 2255448 242224 4517616    0    0     0  7876 13194 61960 43 38 15  4  0
10  0      0 2249880 242224 4521728    0    0     0 12104 13798 78435 40 42 14  4  0
14  1      0 2244980 242224 4524592    0    0     0  9880 13989 78784 38 43 15  3  0
11  1      0 2246752 242224 4526108    0    0     0 15760 11246 53966 43 39 13  6  0
16  1      0 2239992 242224 4527572    0    0     0  8428 14017 70764 43 38 14  5  0
16  0      0 2241212 242224 4528640    0    0     0  5476 9260 46703 42 37 14  7  0
13  2      0 2249420 242224 4531612    0    0     0  6764 8154 45502 37 39 16  8  0
 7  1      0 2240644 242224 4532360    0    0     0  2532 4299 26979 29 35 25 11  0
 5  1      0 2239480 242224 4532660    0    0     0  3508 3720 24509 30 38 25  8  0
10  0      0 2235652 242232 4535080    0    0     0  9484 11267 68656 41 38 15  6  0
20  1      0 2230556 242236 4537480    0    0     0 12796 16434 100200 49 37 12  2  0
 8  0      0 2229444 242236 4539276    0    0     0  8940 12254 77254 47 37 12  3  0
15  0      0 2222928 242236 4542228    0    0     0 10796 11528 66510 38 41 16  4  0
20  0      0 2231704 242236 4545204    0    0     0  9608 12446 75401 43 43 12  2  0
procs -----------memory---------- ---swap-- -----io---- -system-- ------cpu-----
 r  b   swpd   free   buff  cache   si   so    bi    bo   in   cs us sy id wa st
14  1      0 2224876 242244 4547920    0    0     0 28796 15332 84898 44 42 10  4  0
13  3      0 2211700 242244 4550176    0    0     0 11672 16340 106374 44 41 13  2  0
18  0      0 2217284 242244 4554168    0    0     0 12432 13292 84405 47 39 10  4  0
16  1      0 2213292 242244 4555984    0    0     0  9612 12520 76347 40 42 13  4  0
 7  1      0 2209076 242244 4558704    0    0     0 12880 14186 92626 48 40  9  2  0
16  1      0 2209224 242244 4560392    0    0     0 25104 15683 90304 45 41 12  2  0
16  1      0 2204656 242244 4564024    0    0     0 13688 16720 101315 46 42 10  2  0
11  1      0 2206200 242244 4566376    0    0     0 10784 15492 87473 46 39 13  2  0
 9  1      0 2202480 242244 4568068    0    0     0  9168 12216 71328 43 39 12  5  0
11  0      0 2203872 242244 4568912    0    0     0  8052 10197 59124 35 45 13  7  0
25  0      0 2202652 242244 4569976    0    0     0  6612 8669 47718 38 41 13  8  0
18  0      0 2201952 242244 4572972    0    0     0  9816 8838 51742 40 39 15  6  0
13  1      0 2205220 242244 4574076    0    0     0  8880 12736 71171 40 39 15  6  0
17  0      0 2196196 242244 4575980    0    0     0 10868 9159 58316 42 41 12  5  0
15  1      0 2207220 242244 4576620    0    0     0  5296 8664 47264 35 43 15  7  0
14  1      0 2200356 242244 4576800    0    0     0  9876 3211 19835 37 36 11 16  0
 8  1      0 2188004 242244 4579340    0    0     0  5464 3646 18127 32 37 21 11  0
10  1      0 2190896 242244 4584308    0    0     0 12592 10009 62563 36 46 12  6  0
15  0      0 2191952 242244 4585776    0    0     0 10212 14488 94737 43 43 10  4  0
17  2      0 2189388 242244 4587732    0    0     0  9768 13339 86348 44 42 10  4  0
16  0      0 2181780 242244 4589620    0    0     0 14676 15256 86097 44 40 13  3  0
procs -----------memory---------- ---swap-- -----io---- -system-- ------cpu-----
 r  b   swpd   free   buff  cache   si   so    bi    bo   in   cs us sy id wa st
18  0      0 2221572 242244 4551764    0    0     0 22104 15666 96220 44 42 10  3  0
15  0      0 2219528 242244 4554496    0    0     0 12472 16202 92834 46 38 13  2  0
15  1      0 2214132 242244 4556692    0    0     0 12420 16041 101588 47 38 12  3  0
22  0      0 2211304 242244 4560132    0    0     0 13024 17250 101963 49 37 12  2  0
16  0      0 2207644 242244 4563844    0    0     0 14836 17116 91249 44 40 12  3  0
21  1      0 2202732 242244 4565216    0    0     0 10568 15851 80747 42 39 15  3  0
16  1      0 2204020 242244 4566516    0    0     0  7628 10137 55858 42 40 12  6  0
14  1      0 2196560 242244 4571320    0    0     0 16868 13242 62563 39 42 15  4  0
16  3      0 2196652 242244 4573100    0    0     0  6828 11034 62668 42 44 11  4  0
23  0      0 2186256 242244 4579940    0    0     0 16592 13661 82428 42 42 13  4  0
18  1      0 2191832 242244 4581428    0    0     0 11508 16264 120041 51 36 10  2  0
18  0      0 2189716 242244 4582872    0    0     0  9096 13588 84701 49 35 13  3  0
16  0      0 2182424 242244 4591320    0    0     0 18172 14938 92539 49 40 10  1  0
18  0      0 2177432 242244 4592732    0    0     0 10632 16436 94885 53 35 10  2  0
16  1      0 2167464 242244 4597944    0    0     0 14948 16871 86598 45 38 14  3  0
13  0      0 2177348 242244 4599460    0    0     0 22912 14633 87397 49 39 10  3  0
28  2      0 2179524 242244 4600480    0    0     0  7264 12030 58991 38 38 20  5  0
12  1      0 2167084 242244 4600996    0    0     0  7964 8197 44953 40 41 14  5  0
21  0      0 2166332 242244 4601752    0    0     0  7196 11194 52450 40 41 17  3  0
23  0      0 2166324 242244 4602040    0    0     0  1780 4719 23454 34 43 17  6  0
17  1      0 2163132 242244 4602732    0    0     0  9172 9410 50126 43 41 12  4  0
procs -----------memory---------- ---swap-- -----io---- -system-- ------cpu-----
 r  b   swpd   free   buff  cache   si   so    bi    bo   in   cs us sy id wa st
12  0      0 2166508 242244 4603960    0    0     0  8572 11419 68366 43 42 12  3  0
 1  1      0 2167464 242244 4604216    0    0     0  1492 2154 12242  7  7 79  7  0
 1  0      0 2166224 242244 4604248    0    0     0  3528 1200 1848  1  3 89  7  0
 4  0      0 2170400 242244 4604272    0    0     0  4464 1969 3108  5  7 83  5  0
