procs -----------memory---------- ---swap-- -----io---- -system-- ------cpu-----
 r  b   swpd   free   buff  cache   si   so    bi    bo   in   cs us sy id wa st
 0  0      0 3545264  16724 293864    0    0    78     6  121  141  2  1 96  0  0
 0  0      0 3518648  16724 293864    0    0     0     0  823 1304  1  1 97  0  0
 0  0      0 3515372  16724 293864    0    0     0     0  175  292  0  0 100  0  0
 0  0      0 3515372  16724 293864    0    0     0     0   47   49  0  0 100  0  0
 0  0      0 3515876  16724 293864    0    0     0     0  161  287  0  0 100  0  0
 1  0      0 3515624  16736 293868    0    0     0   888  134  157  0  0 100  0  0
 0  0      0 3516140  16736 293868    0    0     0    12  172  293  0  0 100  0  0
 0  0      0 3515932  16736 293868    0    0     0     0  474  547  0  0 100  0  0
 0  0      0 3515708  16736 293868    0    0     0     0  195  318  0  0 100  0  0
 0  0      0 3515708  16736 293868    0    0     0     0   22   18  0  0 100  0  0
 0  0      0 3515484  16744 293868    0    0     0    64  184  305  0  0 99  0  0
 1  0      0 3515484  16744 293868    0    0     0     4  269  312  0  0 100  0  0
 0  0      0 3516268  16744 293868    0    0     0     0  261  356  0  1 99  0  0
13  0      0 3515764  16744 293868    0    0     0     0   67   98  0  0 100  0  0
 0  0      0 3515512  16744 293868    0    0     0     0  159  232  0  0 99  0  0
 0  0      0 3515260  16744 293868    0    0     0    24  117  246  0  0 100  0  0
 1  0      0 3515512  16752 293868    0    0     0    16  544  608  0  0 99  0  0
 0  0      0 3514272  16752 293868    0    0     0     0  483  619  0  1 99  0  0
 0  0      0 3513384  16752 293868    0    0     0     0  516  580  0  0 100  0  0
 0  0      0 3509076  16752 293868    0    0     0     0  125  267  0  1 99  0  0
 1  0      0 3511132  16752 293868    0    0     0     0   72   56  0  0 100  0  0
procs -----------memory---------- ---swap-- -----io---- -system-- ------cpu-----
 r  b   swpd   free   buff  cache   si   so    bi    bo   in   cs us sy id wa st
 1  0      0 3507884  16752 293868    0    0     0    12 1336 1499  0  1 99  0  0
 0  0      0 3507884  16760 293868    0    0     0     4  134  180  0  0 100  0  0
 0  0      0 3505896  16760 293868    0    0     0     0 1394 1766  0  1 99  0  0
 2  0      0 3481312  16760 293868    0    0     0     0 5555 6173 24  7 69  0  0
 1  0      0 3465788  16760 293876    0    0     0     0 5124 5055 27  9 64  0  0
 1  0      0 3464804  16760 293876    0    0     0     0 4673 4347 26  8 66  0  0
 2  0      0 3461656  16768 293880    0    0     0    16 4469 4289 26  8 66  0  0
 1  0      0 3458648  16768 293880    0    0     0     0 5193 5018 27  7 66  0  0
 1  0      0 3456364  16768 293880    0    0     0    12 5053 4766 24  8 67  0  0
 1  0      0 3454896  16768 293880    0    0     0     0 4429 4052 25  8 68  0  0
 1  0      0 3454440  16768 293896    0    0     0     0 4912 4586 24  8 68  0  0
 1  0      0 3454324  16768 293896    0    0     0     0 4557 4247 26  7 67  0  0
 1  0      0 3454004  16776 293916    0    0     0    24 4238 4152 25  8 67  0  0
 1  0      0 3452108  16776 293916    0    0     0     8 4510 4385 26  8 66  0  0
 2  0      0 3453304  16776 293932    0    0     0     0 4681 4630 26  7 67  0  0
 1  0      0 3453388  16776 293932    0    0     0     0 4553 4559 26  6 68  0  0
 1  0      0 3451944  16776 293932    0    0     0     0 4530 4626 26  7 67  0  0
 2  0      0 3451028  16776 293932    0    0     0     8 5242 4917 25  7 68  0  0
 1  0      0 3450356  16784 293964    0    0     0    16 4851 4774 26  7 67  0  0
 1  0      0 3452092  16784 293968    0    0     0     4 5058 4887 27  7 67  0  0
 1  0      0 3450408  16784 293968    0    0     0     0 5478 5406 27  7 66  0  0
procs -----------memory---------- ---swap-- -----io---- -system-- ------cpu-----
 r  b   swpd   free   buff  cache   si   so    bi    bo   in   cs us sy id wa st
 1  0      0 3450480  16784 293984    0    0     0     0 4841 4485 24  9 67  0  0
 1  0      0 3450140  16784 294000    0    0     0     0 4666 4532 26  6 68  0  0
 1  0      0 3450800  16784 294004    0    0     0     0 4991 4567 25  7 68  0  0
 1  0      0 3450388  16792 294004    0    0     0    28 5116 4750 25  9 66  0  0
 1  0      0 3449284  16792 294020    0    0     0     0 4596 4269 26  7 68  0  0
 1  0      0 3448128  16792 294020    0    0     0     0 4484 4421 27  6 67  0  0
 3  0      0 3448564  16792 294020    0    0     0     0 4718 4642 26  7 67  0  0
 1  0      0 3449332  16792 294020    0    0     0     0 4665 4555 26  6 67  0  0
 1  0      0 3448756  16800 294020    0    0     0    20 5213 5062 27  7 66  0  0
 1  0      0 3448484  16800 294040    0    0     0    12 4503 4432 26  7 66  0  0
 1  0      0 3447916  16800 294040    0    0     0     0 4570 4350 26  6 67  0  0
 1  0      0 3448924  16800 294040    0    0     0     0 4153 4092 26  5 69  0  0
 1  0      0 3447652  16800 294040    0    0     0     0 4679 4507 26  7 68  0  0
 2  0      0 3446732  17236 293752    0    0   428    28 4266 4353 27  9 63  1  0
 1  0      0 3447632  17236 294232    0    0     0     0 4320 4156 26  6 68  0  0
 2  0      0 3446592  17236 294232    0    0     0     8 4924 4946 26  8 66  0  0
 1  0      0 3447328  17236 294232    0    0     0     0 5094 4973 27  8 66  0  0
 1  0      0 3447592  17236 294236    0    0     0     0 4309 4297 25  7 68  0  0
 1  0      0 3447808  17236 294236    0    0     0     0 4662 4218 25  8 68  0  0
 1  0      0 3445696  17248 294232    0    0     4    52 4712 4571 26  7 67  0  0
 2  0      0 3445984  17248 294220    0    0     0     4 4065 3752 27  6 67  0  0
procs -----------memory---------- ---swap-- -----io---- -system-- ------cpu-----
 r  b   swpd   free   buff  cache   si   so    bi    bo   in   cs us sy id wa st
 1  0      0 3445676  17248 294204    0    0     0     4 4643 4487 25  7 68  0  0
 1  0      0 3444904  17272 294192    0    0     0   396 3927 3542 25  7 68  0  0
 1  0      0 3445560  17272 294208    0    0     0     0 4296 4153 26  7 68  0  0
 1  0      0 3446032  17272 294208    0    0     0     8 3790 3304 25  7 69  0  0
 1  0      0 3447568  17276 294204    0    0     0     8 3094 2651 25  7 68  0  0
 1  0      0 3445372  17276 294208    0    0     0     0 3350 2980 25  8 68  0  0
 3  0      0 3445076  17284 294200    0    0     0    60 2994 2761 25  7 68  0  0
 1  0      0 3445212  17284 294212    0    0     0     0 3205 2907 25  6 68  0  0
 4  0      0 3443076  17284 294212    0    0     0     0 2577 2294 24  8 67  0  0
 1  0      0 3445688  17284 294212    0    0     0     0 2466 2098 26  6 68  0  0
 1  0      0 3444600  17284 294212    0    0     0     4 2473 2129 25  7 68  0  0
 1  0      0 3445428  17284 294212    0    0     0    12 2798 2393 26  5 69  0  0
 2  0      0 3444352  17292 294212    0    0     0    16 2894 2624 26  6 69  0  0
 1  0      0 3445092  17292 294212    0    0     0     0 3334 3079 25  7 68  0  0
 2  0      0 3445748  17292 294212    0    0     0     0 3503 3384 26  7 67  0  0
 1  0      0 3446156  17292 294212    0    0     0     4 3515 3208 25  7 67  0  0
 2  0      0 3445604  17292 294212    0    0     0     0 3438 3274 26  7 67  0  0
 1  0      0 3445692  17300 294212    0    0     0    16 3325 3046 25  6 69  0  0
 1  0      0 3444924  17300 294212    0    0     0     4 3783 3706 26  6 68  0  0
 1  0      0 3447544  17300 294212    0    0     0     0 3686 3466 25  6 68  0  0
 1  0      0 3445312  17300 294212    0    0     0     0 4056 3880 26  7 67  0  0
