procs -----------memory---------- ---swap-- -----io---- -system-- ------cpu-----
 r  b   swpd   free   buff  cache   si   so    bi    bo   in   cs us sy id wa st
 2  0      0 3007048 240564 3996268    0    0   186  2845 1255 2858 14  6 78  1  0
 0  1      0 3034520 240644 3973820    0    0     0 19660 11820 21347  5  6 73 16  0
 0  1      0 3033036 240676 3974340    0    0     0 14824 14738 27508  2  7 73 18  0
 0  1      0 3033036 240744 3974824    0    0     0 14932 14706 27330  2  5 74 18  0
 0  1      0 3031048 240816 3975512    0    0     0 15220 15035 28129  1  7 74 18  0
 0  1      0 2990980 240888 3986040    0    0     0 25876 14701 27258  2  5 74 19  0
 0  2      0 2998536 240936 4009968    0    0     0 37400 16017 29383  9  8 66 17  0
 1  0      0 2998284 240944 4010236    0    0     0  3552 17108 31342 17  8 73  2  0
 1  0      0 2995176 240948 4010236    0    0     0  2320 25566 48907 16  9 74  1  0
 1  0      0 2994420 240948 4010236    0    0     0  2084 37450 72801 13 10 77  1  0
 1  0      0 2990892 240948 4010236    0    0     0  6844 35768 69664 14 11 74  1  0
 1  0      0 2990892 240952 4010236    0    0     0  6812 36106 69867 12 11 75  1  0
 1  0      0 2990892 240960 4010252    0    0     0  7260 23967 45381 18  7 74  2  0
 1  0      0 2989772 240960 4010252    0    0     0   144 29265 56419 16  9 75  0  0
 1  0      0 2986496 240960 4010252    0    0     0   164 39011 76307 13 11 75  0  0
 2  0      0 2986496 240960 4010252    0    0     0  3708 38994 76396 11 12 76  1  0
 1  0      0 2984740 240960 4010252    0    0     0   356 37834 73631 13 11 76  0  0
 1  0      0 2984740 240964 4010316    0    0     0  5244 28910 54235 15  8 74  3  0
 2  0      0 2986008 240964 4010320    0    0     0   144 30819 58855 17  7 76  0  0
 0  0      0 2984524 240964 4010508    0    0     0   724 11091 20715  6  3 91  1  0
 0  0      0 2984524 240964 4010508    0    0     0   168  417  603  1  1 98  0  0
procs -----------memory---------- ---swap-- -----io---- -system-- ------cpu-----
 r  b   swpd   free   buff  cache   si   so    bi    bo   in   cs us sy id wa st
 1  0      0 2985564 240976 4010872    0    0     0  3120 12443 22345  4  4 90  2  0
 0  0      0 2985312 240976 4010872    0    0     0   988  470  667  0  1 99  0  0
 1  0      0 2982540 240976 4010876    0    0     0   752 4458 7729  2  2 95  1  0
11  1      0 2984964 240980 4016768    0    0     0 17276 24626 53855 30 18 48  4  0
15  1      0 2968624 240992 4020200    0    0     0 11684 16057 51122 57 31 10  2  0
12  1      0 2960248 240992 4022904    0    0     0  9372 18035 62833 60 32  6  1  0
13  1      0 2951916 240996 4027164    0    0     0 10124 21148 73407 62 31  6  1  0
15  1      0 2946760 241008 4029560    0    0     0  8236 20405 65856 59 32  8  1  0
14  1      0 2944672 241008 4032968    0    0     0  8624 20042 65988 60 32  7  1  0
11  0      0 2938064 241024 4035048    0    0     0  8176 20961 69755 64 31  5  0  0
14  0      0 2937096 241024 4036352    0    0     0  6752 26942 98164 69 26  5  0  0
17  0      0 2932224 241024 4040636    0    0     0  9652 24980 88729 68 28  3  0  0
14  0      0 2926768 241028 4043080    0    0     0  7568 21521 77593 71 24  4  0  0
15  0      0 2923820 241036 4045816    0    0     0 17172 21367 74579 68 28  4  0  0
17  0      0 2923644 241048 4048160    0    0     0  8948 21625 71861 67 28  4  0  0
15  0      0 2920744 241048 4051812    0    0     0  9708 22445 73565 71 23  5  1  0
12  0      0 2914428 241052 4052908    0    0     0  7176 22815 76639 68 28  3  1  0
15  0      0 2912400 241060 4055888    0    0     0 10180 22126 76637 69 26  5  1  0
15  0      0 2908628 241060 4057888    0    0     0 16720 23836 81031 69 25  5  1  0
12  1      0 2907372 241064 4059472    0    0     0  9688 23630 85633 66 28  5  1  0
15  0      0 2904052 241068 4063472    0    0     0 12364 21982 71169 68 27  5  0  0
procs -----------memory---------- ---swap-- -----io---- -system-- ------cpu-----
 r  b   swpd   free   buff  cache   si   so    bi    bo   in   cs us sy id wa st
15  0      0 2899244 241084 4064952    0    0     0  8856 22949 82774 63 31  4  1  0
11  0      0 2896240 241092 4068080    0    0     0 10644 20043 66405 69 27  4  0  0
13  0      0 2892764 241096 4070124    0    0     0  9388 22109 74782 68 26  6  1  0
12  0      0 2891404 241104 4074492    0    0     0 11416 22321 73269 64 30  5  1  0
11  0      0 2884188 241108 4076032    0    0     0  9132 23297 79113 68 28  5  0  0
15  0      0 2876604 241116 4078976    0    0     0  9560 23485 82817 67 28  5  1  0
12  0      0 2873544 241120 4080524    0    0     0  7968 22173 75389 67 27  5  1  0
13  0      0 2876856 241120 4082624    0    0     0  9272 22486 72483 68 26  5  1  0
13  0      0 2869612 241120 4086344    0    0     0 11576 22682 83883 71 24  5  1  0
12  1      0 2867316 241120 4089428    0    0     0 10924 22395 78702 64 30  5  1  0
16  0      0 2855464 241120 4103428    0    0     0 22580 20233 66127 67 25  7  1  0
11  1      0 2847516 241128 4105040    0    0     0  8212 18592 61343 70 27  3  0  0
16  0      0 2843700 241128 4106544    0    0     0 15276 24091 75356 69 27  4  0  0
19  1      0 2846028 241136 4108580    0    0     0  9376 19368 65359 69 27  3  1  0
12  0      0 2842464 241136 4109640    0    0     0 10032 19971 70438 66 28  6  0  0
13  1      0 2838388 241136 4111364    0    0     0  7760 20101 67260 68 27  5  1  0
14  0      0 2833468 241136 4113472    0    0     0 10336 21997 75898 65 30  5  1  0
16  0      0 2828932 241164 4115640    0    0     0  8956 21108 72688 75 22  3  0  0
16  0      0 2827144 241164 4118772    0    0     0 10308 21066 72670 73 22  4  1  0
10  1      0 2825564 241164 4120272    0    0     0  8152 21603 71984 72 25  3  0  0
13  0      0 2822876 241172 4123080    0    0     8 11028 22524 70945 71 26  4  0  0
procs -----------memory---------- ---swap-- -----io---- -system-- ------cpu-----
 r  b   swpd   free   buff  cache   si   so    bi    bo   in   cs us sy id wa st
19  0      0 2823148 241180 4125320    0    0     0  9292 20742 66344 70 25  4  1  0
14  0      0 2816512 241184 4126772    0    0     0  8028 21540 71329 72 25  3  1  0
15  1      0 2816360 241184 4127916    0    0     0  7680 21094 63585 76 21  3  0  0
16  0      0 2808116 241192 4133040    0    0     0 11828 20992 64753 74 22  3  1  0
15  1      0 2807236 241200 4133908    0    0     0  6948 17225 50166 70 27  3  0  0
15  1      0 2804464 241200 4138308    0    0     0  9716 21476 72247 71 26  3  1  0
14  0      0 2800092 241200 4138824    0    0     0  6120 16731 57057 76 22  2  0  0
16  0      0 2796812 241200 4143568    0    0     0 23260 14741 44419 74 22  3  1  0
12  0      0 2796052 241200 4143920    0    0     0  5756 17598 60207 73 25  2  0  0
15  1      0 2790844 241200 4144668    0    0     0  5848 11288 34300 64 28  6  2  0
14  1      0 2792184 241200 4144968    0    0     0  5308 11525 36257 71 26  3  0  0
13  0      0 2792312 241200 4145428    0    0     0  4200 12533 40459 70 25  4  1  0
14  0      0 2789028 241200 4146020    0    0     0  5740 16059 52406 69 26  4  1  0
17  0      0 2782884 241204 4153908    0    0     0 13292 17283 54357 73 23  3  1  0
13  0      0 2780428 241204 4154904    0    0     0  6196 17752 55322 76 22  2  0  0
13  0      0 2779700 241204 4155288    0    0     0  6276 18343 69511 79 20  2  0  0
12  1      0 2778800 241204 4155788    0    0     0  5108 16719 52126 79 19  2  0  0
12  0      0 2776540 241204 4156396    0    0     0  5944 20193 65578 72 24  4  0  0
12  0      0 2780536 241204 4157808    0    0     0  6924 17449 57809 75 22  3  1  0
14  0      0 2776128 241204 4158284    0    0     0  5248 16175 55335 76 23  2  0  0
15  0      0 2775656 241204 4159536    0    0     0  7428 18618 63103 72 27  2  0  0
procs -----------memory---------- ---swap-- -----io---- -system-- ------cpu-----
 r  b   swpd   free   buff  cache   si   so    bi    bo   in   cs us sy id wa st
 1  0      0 2772884 241204 4160212    0    0     0  4872 10479 30487 38 14 47  1  0
