procs -----------memory---------- ---swap-- -----io---- -system-- ------cpu-----
 r  b   swpd   free   buff  cache   si   so    bi    bo   in   cs us sy id wa st
 1  0      0 3536956  20400 295696    0    0    13     3  262  304  5  2 93  0  0
 0  0      0 3512848  20400 295620    0    0     0     0  866 1385  1  1 98  0  0
 0  0      0 3509776  20400 295696    0    0     0     0  152  294  0  0 100  0  0
 0  0      0 3509776  20400 295696    0    0     0     0   30   29  0  0 100  0  0
 0  0      0 3508816  20400 295696    0    0     0     0  180  265  0  0 100  0  0
 0  0      0 3508564  20412 295696    0    0     0   964  100  146  0  0 100  0  0
 0  0      0 3509852  20412 295700    0    0     0     8  163  304  0  0 100  0  0
 0  0      0 3509852  20412 295700    0    0     0     0   25   25  0  0 100  0  0
 0  0      0 3507736  20412 295700    0    0     0     0 1820 2259  0  1 99  0  0
 0  0      0 3507752  20412 295700    0    0     0     0   40   34  0  0 100  0  0
 0  0      0 3504792  20412 295700    0    0     0    24 1196 1524  0  1 98  0  0
 1  0      0 3501744  20420 295700    0    0     0    40  124  268  0  0 99  0  0
 0  0      0 3501776  20420 295700    0    0     0     0  371  453  0  0 100  0  0
 1  0      0 3471936  20420 295700    0    0     0     4 7334 9037 20  7 73  0  0
 1  0      0 3460736  20428 295704    0    0     0    28 7656 9137 28  7 64  0  0
 2  0      0 3452932  20428 295704    0    0     0     0 8200 9907 29  9 62  0  0
 1  0      0 3448248  20428 295628    0    0     0    32 7909 9185 29  8 62  0  0
 5  0      0 3441600  20428 295628    0    0     0     0 8219 9730 28  9 63  0  0
 1  0      0 3440016  20428 295632    0    0     0    20 7469 8747 30  8 63  0  0
14  0      0 3434628  20436 295648    0    0     0    20 8243 9704 30  8 62  0  0
 2  0      0 3433664  20436 295668    0    0     0     0 7720 9285 28  8 63  0  0
procs -----------memory---------- ---swap-- -----io---- -system-- ------cpu-----
 r  b   swpd   free   buff  cache   si   so    bi    bo   in   cs us sy id wa st
15  0      0 3429196  20436 295684    0    0     0     0 7833 9349 30  6 64  0  0
 2  0      0 3431828  20436 295688    0    0     0     4 8498 10541 30  8 62  0  0
 1  0      0 3430760  20436 295640    0    0     0    16 7849 9225 30  9 61  0  0
 3  0      0 3428848  20444 295640    0    0     0    32 7910 9636 31 10 59  0  0
 1  0      0 3427904  20444 295644    0    0     0     0 7647 9488 30  7 63  0  0
 1  0      0 3425492  20444 295644    0    0     0     0 7973 9486 32  7 62  0  0
 2  0      0 3424864  20444 295648    0    0     0     0 8244 10052 30  7 63  0  0
 2  0      0 3425808  20444 295664    0    0     0     4 7869 9438 31 10 60  0  0
 2  0      0 3424948  20452 295668    0    0     0    36 8163 9993 32  8 60  0  0
 4  0      0 3422344  20452 295684    0    0     0     0 8413 10462 29 10 61  0  0
 1  0      0 3421644  20452 295720    0    0     0     0 7851 9497 29  8 62  0  0
 1  0      0 3421412  20452 295736    0    0     0     0 8074 9955 31  9 60  0  0
 1  0      0 3419864  20452 295756    0    0     0     0 8553 10459 30  9 61  0  0
 1  0      0 3418112  20460 295764    0    0     0    52 8815 11107 30  8 63  0  0
 2  0      0 3417168  20460 295768    0    0     0     0 8871 10951 31  9 60  0  0
 3  0      0 3414860  20460 295768    0    0     0     0 9268 11661 30  8 61  0  0
 1  0      0 3413112  20460 295772    0    0     0     0 8067 9886 30  8 62  0  0
 2  0      0 3413244  20460 295776    0    0     0     0 8603 10863 30 10 60  0  0
 1  0      0 3410180  20460 295776    0    0     0    12 8577 10504 31  9 61  0  0
 3  0      0 3409364  20468 295776    0    0     0    48 7893 9570 30  8 62  0  0
 2  0      0 3408676  20468 295780    0    0     0     0 9366 11469 33  9 58  0  0
procs -----------memory---------- ---swap-- -----io---- -system-- ------cpu-----
 r  b   swpd   free   buff  cache   si   so    bi    bo   in   cs us sy id wa st
 1  0      0 3408216  20468 295780    0    0     0     0 8590 10753 32  9 59  0  0
 1  0      0 3407976  20468 295784    0    0     0     0 6934 8432 29  8 62  0  0
 2  0      0 3406568  20468 295836    0    0     0    12 7556 9441 32  8 60  0  0
 2  0      0 3406380  20476 295836    0    0     0    24 8200 10202 32  7 61  0  0
 1  0      0 3406948  20476 295848    0    0     0     8 8460 10302 29  9 62  0  0
 1  0      0 3405316  20476 295864    0    0     0     0 8661 10260 30  8 62  0  0
 1  0      0 3405068  20476 295868    0    0     0     0 7941 9467 30  9 61  0  0
 2  0      0 3404888  20476 295868    0    0     0     0 8166 9775 32  8 60  0  0
 1  0      0 3407352  20484 295868    0    0     0    40 8274 10118 33  9 59  0  0
 1  0      0 3406664  20484 295876    0    0     0     0 8913 10708 31  9 61  0  0
 1  0      0 3406072  20484 295860    0    0     0     4 8222 9601 30  8 62  0  0
 3  0      0 3406160  20484 295856    0    0     0     0 6982 8505 31  8 61  0  0
 4  0      0 3405424  20484 295860    0    0     0     0 8537 10539 32  8 60  0  0
 1  0      0 3406032  20492 295864    0    0     0    44 8306 10165 30  7 62  0  0
 1  0      0 3407316  20492 295864    0    0     0     0 8057 10135 31  8 61  0  0
 1  0      0 3406060  20492 295864    0    0     0     0 8262 10056 30 10 60  0  0
 0  0      0 3405840  20492 295864    0    0     0     4 8093 10039 32 10 58  0  0
 3  0      0 3405160  20492 295868    0    0     0     0 8152 9697 30  8 62  0  0
 1  0      0 3405192  20500 295896    0    0     0    36 8612 10286 29  8 63  0  0
 1  0      0 3405256  20500 295904    0    0     0    12 7654 9158 32  7 60  0  0
 1  0      0 3405856  20500 295856    0    0     0     0 7800 9710 30  7 63  0  0
procs -----------memory---------- ---swap-- -----io---- -system-- ------cpu-----
 r  b   swpd   free   buff  cache   si   so    bi    bo   in   cs us sy id wa st
 1  0      0 3405936  20500 295860    0    0     0     0 7960 9619 30  8 62  0  0
 1  0      0 3404976  20500 295860    0    0     0     4 8721 10180 27  9 64  0  0
 1  0      0 3405292  20500 295888    0    0     0    16 7814 9532 31  7 62  0  0
 1  0      0 3405288  20508 295888    0    0     0    24 6961 8366 29  8 63  0  0
 3  0      0 3405828  20508 295892    0    0     0     0 7526 9081 31  8 61  0  0
 1  0      0 3404804  20508 295904    0    0     0     0 7570 8784 29 11 60  0  0
 1  0      0 3404588  20508 295908    0    0     0     0 8217 10106 30  9 61  0  0
 1  0      0 3404368  20508 295912    0    0     0    16 8187 9781 32  8 60  0  0
 1  0      0 3404180  20516 295912    0    0     0    24 8336 10158 30  8 61  0  0
 1  0      0 3404328  20516 295908    0    0     0     0 7744 9686 31  8 61  0  0
 4  0      0 3403932  20516 295916    0    0     0     0 24654 45656 51 13 36  0  0
 0  0      0 3538440  20532 295780    0    0     0   100 2872 15300  5  2 93  0  0
 1  0      0 3538440  20532 295780    0    0     0     4   19   19  0  0 100  0  0
