procs -----------memory---------- ---swap-- -----io---- -system-- ------cpu-----
 r  b   swpd   free   buff  cache   si   so    bi    bo   in   cs us sy id wa st
 1  0      0 1261248 244792 5392184    0    0    30  1205 1050 1222 12  9 78  2  0
 0  1      0 1329052 244792 5320216    0    0     0 19956 13414 25311  2  5 77 16  0
 1  0      0 1327540 244792 5320616    0    0     0 18028 16621 31984  2  5 74 19  0
 1  0      0 1327540 244792 5321076    0    0     0 18028 16427 31551  1  5 76 19  0
 0  1      0 1315612 244792 5333464    0    0     0 33124 15896 30550  3  6 72 18  0
 3  0      0 1256888 244792 5356260    0    0     0 44232 16285 30328  6  8 73 13  0
 1  0      0 1254368 244792 5356260    0    0     0  2684  697 1273  0  1 98  1  0
 1  0      0 1254368 244792 5356264    0    0     0  2976  550  986  0  0 98  1  0
 2  0      0 1250484 244792 5356216    0    0     0  8548 7044 12586  4  4 90  3  0
 1  0      0 1249636 244792 5357636    0    0     0  9032 7959 14568  3  2 93  3  0
 0  0      0 1248376 244792 5357640    0    0     0  2336  657 1159  1  1 98  1  0
 1  0      0 1248376 244792 5357796    0    0     0  8540 5773 10161  2  3 93  2  0
 0  0      0 1253408 244792 5357796    0    0     0   284  487  775  0  1 98  0  0
 5  0      0 1246184 244792 5358316    0    0     0 10008 8203 14552  6  5 85  4  0
 6  0      0 1241128 244792 5365980    0    0     0 18580 15094 49457 36 31 24  8  0
14  0      0 1236040 244792 5368464    0    0     0 12024 14664 52222 38 34 21  6  0
 8  3      0 1232972 244792 5373772    0    0     0 20384 14275 51035 37 36 19  8  0
16  1      0 1226800 244792 5377604    0    0     0 13832 13941 54138 39 34 19  7  0
14  1      0 1225036 244792 5379992    0    0     0 13072 13449 50772 37 37 19  7  0
15  1      0 1225128 244792 5385592    0    0     0 14964 12742 51124 36 38 19  7  0
10  1      0 1209816 244792 5390372    0    0     0 15252 13473 73578 40 37 17  5  0
procs -----------memory---------- ---swap-- -----io---- -system-- ------cpu-----
 r  b   swpd   free   buff  cache   si   so    bi    bo   in   cs us sy id wa st
11  0      0 1207336 244792 5392536    0    0     0 12384 13447 56630 38 32 20  9  0
16  1      0 1191968 244792 5402468    0    0     0 19712 12907 55748 35 38 19  8  0
 7  3      0 1189220 244792 5404068    0    0     0 13316 13977 55108 39 36 17  8  0
10  1      0 1183760 244792 5405640    0    0     0 11572 11420 64914 38 36 19  7  0
12  1      0 1176024 244792 5407064    0    0     0 12348 13101 71722 39 40 15  6  0
 9  2      0 1177072 244792 5408504    0    0     0 24344 12636 55645 38 37 17  9  0
14  4      0 1163620 244792 5414424    0    0     0 16240 12337 58989 39 36 16  9  0
13  1      0 1167420 244792 5415716    0    0     0 12964 13313 60311 40 37 16  7  0
10  1      0 1169292 244792 5417128    0    0     0 11604 11432 65369 36 42 16  6  0
13  0      0 1164704 244792 5418784    0    0     0 14092 13221 61705 40 39 16  6  0
13  1      0 1160660 244792 5421092    0    0     0 13648 12394 64310 38 38 17  8  0
10  1      0 1154236 244792 5426320    0    0     0 16728 12424 72774 36 41 17  6  0
11  2      0 1146776 244792 5427892    0    0     0 13268 12309 59396 40 38 14  7  0
17  0      0 1142516 244792 5429396    0    0     0 18788 12524 57751 37 38 17  8  0
11  1      0 1144404 244792 5434012    0    0     0 17136 13619 58903 39 36 18  7  0
 5  1      0 1137652 244792 5435584    0    0     0 16248 13635 62873 42 37 15  6  0
 7  5      0 1132304 244792 5436980    0    0     0 13084 12958 65471 42 37 15  6  0
 9  0      0 1129112 244792 5438404    0    0     0 12332 11233 53643 36 41 15  8  0
 9  1      0 1130608 244792 5443344    0    0     0 17092 13192 63550 41 38 14  7  0
 7  1      0 1122000 244792 5449100    0    0     0 17420 12841 56496 43 35 16  6  0
15  1      0 1118712 244792 5450696    0    0     0 12904 12825 62644 42 38 14  6  0
procs -----------memory---------- ---swap-- -----io---- -system-- ------cpu-----
 r  b   swpd   free   buff  cache   si   so    bi    bo   in   cs us sy id wa st
14  0      0 1114440 244792 5451864    0    0     0 13432 13017 65809 43 36 15  6  0
 5  1      0 1115384 244792 5455164    0    0     0 14324 12503 68689 41 35 16  7  0
13  1      0 1113400 244792 5457184    0    0     0 13556 11889 58801 36 37 18  9  0
15  1      0 1110624 244792 5459572    0    0     0 12804 12195 60637 43 35 16  6  0
14  1      0 1107696 244792 5461392    0    0     0 18828 12570 57796 42 34 16  8  0
11  1      0 1089400 244792 5471244    0    0     0 20784 12660 71515 37 39 16  8  0
 2  1      0 1093764 244792 5473148    0    0     0 12860 13092 59305 38 38 17  7  0
 8  1      0 1084724 244792 5474932    0    0     0 16528 11093 60962 32 43 19  6  0
19  1      0 1080144 244792 5481316    0    0     0 18024 11446 56162 38 41 16  6  0
 8  1      0 1073552 244792 5487640    0    0     0 19764 12944 59126 38 37 16  8  0
13  2      0 1107092 244792 5446740    0    0     0 27100 12977 55565 35 43 16  7  0
 7  1      0 1103520 244792 5449140    0    0     0 12776 11971 54824 36 37 19  8  0
11  1      0 1107340 244792 5455164    0    0     0 18176 11453 58706 37 38 17  8  0
15  0      0 1108156 244792 5456308    0    0     0 13220 12467 79706 42 37 16  6  0
13  1      0 1103228 244792 5457592    0    0     0 12480 12058 60502 38 40 15  7  0
16  1      0 1103872 244792 5458860    0    0     0 11588 11719 58655 41 36 15  8  0
21  0      0 1094900 244792 5464432    0    0     0 16148 12490 63281 38 38 18  7  0
 8  1      0 1090644 244792 5467160    0    0     0 13744 11766 57074 35 41 17  7  0
19  0      0 1086796 244792 5468308    0    0     0 13200 12148 58614 40 38 15  8  0
15  0      0 1083548 244792 5477076    0    0     0 21536 12556 56576 38 37 18  7  0
17  0      0 1079448 244792 5478524    0    0     0 12836 11540 58884 38 38 17  7  0
procs -----------memory---------- ---swap-- -----io---- -system-- ------cpu-----
 r  b   swpd   free   buff  cache   si   so    bi    bo   in   cs us sy id wa st
10  1      0 1076884 244792 5479732    0    0     0 12952 11938 56620 40 38 16  7  0
17  1      0 1067248 244792 5485012    0    0     0 17056 11485 56105 41 37 16  6  0
20  1      0 1067412 244792 5486400    0    0     0 13604 12891 59238 38 39 16  7  0
16  1      0 1072504 244792 5487424    0    0     0  9116 9829 46293 36 39 17  8  0
12  0      0 1068408 244792 5488856    0    0     0 14792 11904 56106 39 35 18  8  0
14  0      0 1066240 244792 5490368    0    0     0 12968 11997 53990 35 40 18  7  0
 7  1      0 1055172 244792 5495804    0    0     0 16656 11130 51270 35 40 17  8  0
13  1      0 1049308 244792 5497180    0    0     0 17472 13307 62164 42 39 14  6  0
16  0      0 1046768 244792 5498780    0    0     0 16676 11807 63880 41 36 15  7  0
12  1      0 1042720 244792 5500192    0    0     0 12592 12126 59903 39 38 15  8  0
 0  0      0 1049208 244792 5501756    0    0     0 12932 10863 52099 33 33 27  8  0
 1  0      0 1049456 244792 5501896    0    0     0  3996 1294 1922  0  1 97  2  0
 1  0      0 1049520 244792 5501752    0    0     0  5080  845 1436  0  1 97  2  0
 0  0      0 1049520 244792 5501752    0    0     0  6952 1062 1987  0  1 97  2  0
