procs -----------memory---------- ---swap-- -----io---- -system-- ------cpu-----
 r  b   swpd   free   buff  cache   si   so    bi    bo   in   cs us sy id wa st
 1  0      0 3545908  16264 293384    0    0   138     7   41   68  0  1 99  0  0
 0  0      0 3520516  16264 293420    0    0     0     0  818 1139  1  1 98  0  0
 0  0      0 3517200  16264 293424    0    0     0     0  169  283  0  0 100  0  0
 0  0      0 3517244  16264 293424    0    0     0     0   31   28  0  0 100  0  0
 0  0      0 3518252  16264 293424    0    0     0     0  168  288  0  0 100  0  0
 0  0      0 3518000  16272 293428    0    0     0   312   74   92  0  0 100  0  0
 0  0      0 3519832  16272 293428    0    0     0    48  535  720  0  0 99  0  0
10  0      0 3517636  16272 293448    0    0     0     4  554  842  0  1 99  0  0
 0  0      0 3518356  16272 293448    0    0     0     0  167  246  0  0 100  0  0
 0  0      0 3516860  16272 293448    0    0     0     0  152  276  0  0 100  0  0
 0  0      0 3516936  16280 293440    0    0     0    44   64   55  0  0 100  0  0
 0  0      0 3516808  16280 293448    0    0     0     4  388  515  0  1 99  0  0
 0  0      0 3517004  16280 293448    0    0     0     8   99   85  0  0 100  0  0
 0  0      0 3516464  16280 293448    0    0     0     4  163  268  0  0 100  0  0
 0  0      0 3516464  16280 293448    0    0     0     0   34   26  0  0 100  0  0
 0  0      0 3517528  16280 293448    0    0     0    32  180  282  0  0 99  0  0
 0  0      0 3517088  16288 293448    0    0     0    12  646  793  0  0 100  0  0
 0  0      0 3514768  16288 293448    0    0     0     0  446  600  0  0 100  0  0
 0  0      0 3513112  16288 293448    0    0     0     0  458  556  0  0 100  0  0
 0  0      0 3510296  16288 293448    0    0     0     4  154  278  0  0 99  0  0
 0  0      0 3510136  16288 293448    0    0     0     0  377  427  0  0 100  0  0
procs -----------memory---------- ---swap-- -----io---- -system-- ------cpu-----
 r  b   swpd   free   buff  cache   si   so    bi    bo   in   cs us sy id wa st
 2  0      0 3508148  16288 293448    0    0     0     8 1095 1316  0  1 99  0  0
 0  0      0 3508148  16296 293448    0    0     0     4   53   50  0  0 100  0  0
 1  0      0 3491832  16296 293448    0    0     0     0 2566 3627  3  2 96  0  0
 1  0      0 3478588  16296 293448    0    0     0     0 5250 4975 27  7 67  0  0
 1  0      0 3462152  16296 293464    0    0     0     4 5478 5396 28  7 65  0  0
 1  0      0 3459660  16296 293484    0    0     0     0 4178 3901 26  7 67  0  0
 1  0      0 3458164  16304 293500    0    0     0    12 5386 5216 26  8 66  0  0
 1  0      0 3455404  16304 293536    0    0     0     0 5834 5334 25  8 67  0  0
 1  0      0 3454572  16304 293536    0    0     0    12 5762 5611 26  8 66  0  0
 1  0      0 3454492  16304 293540    0    0     0   648 4350 4088 26  6 68  0  0
 2  0      0 3453432  16304 293556    0    0     0     4 3976 3856 26  9 66  0  0
 1  0      0 3452444  16304 293580    0    0     0     0 3678 3437 26  7 68  0  0
 1  0      0 3452392  16312 293632    0    0     0    32 4513 4894 27  6 67  0  0
 1  0      0 3453856  16312 293632    0    0     0     4 4048 3838 26  7 67  0  0
 3  0      0 3452440  16312 293632    0    0     0     0 4155 4142 27  7 67  0  0
 1  0      0 3452796  16312 293632    0    0     0     0 4046 3744 26  7 68  0  0
 1  0      0 3452472  16312 293632    0    0     0   164 4286 4262 26  8 67  0  0
 1  0      0 3452476  16320 293624    0    0     0    52 4409 4153 26  7 67  0  0
 1  0      0 3453024  16320 293632    0    0     0     4 4528 4573 26  8 66  0  0
 2  0      0 3452880  16320 293636    0    0     0    12 4479 4101 25  7 68  0  0
 2  0      0 3452076  16320 293636    0    0     0     0 4734 4630 26  9 66  0  0
procs -----------memory---------- ---swap-- -----io---- -system-- ------cpu-----
 r  b   swpd   free   buff  cache   si   so    bi    bo   in   cs us sy id wa st
 1  0      0 3451988  16320 293636    0    0     0     0 4755 4597 26  7 67  0  0
 2  0      0 3451184  16328 293636    0    0     0    40 5285 5132 25  8 67  0  0
 2  0      0 3451252  16328 293640    0    0     0     0 5154 4679 25  8 67  0  0
 1  0      0 3451844  16328 293656    0    0     0     8 4943 4735 25  8 67  0  0
 1  0      0 3450320  16328 293656    0    0     0     0 4198 3932 26  7 67  0  0
 1  0      0 3450256  16328 293656    0    0     0     4 4571 4522 26  8 66  0  0
 1  0      0 3449928  16328 293680    0    0     0     8 4506 4125 26  7 67  0  0
 1  0      0 3450664  16336 293680    0    0     0    20 4274 3914 24  7 68  0  0
 1  0      0 3449800  16336 293680    0    0     0     0 4265 4125 26  8 67  0  0
 1  0      0 3450840  16336 293680    0    0     0     4 4223 4104 26  7 67  0  0
 1  0      0 3450132  16336 293680    0    0     0     0 4665 4422 26  7 67  0  0
 1  0      0 3452008  16336 293680    0    0     0     8 4360 4032 24  7 69  0  0
 1  0      0 3450604  16344 293700    0    0     0    20 5343 4993 25  8 67  0  0
 1  0      0 3452572  16344 293704    0    0     0     0 4638 4329 25  8 67  0  0
 1  0      0 3451628  16344 293704    0    0     0     0 3912 3774 26  7 68  0  0
 3  0      0 3453412  16344 293704    0    0     0     4 3927 4009 25  7 67  0  0
 1  0      0 3450168  16344 293720    0    0     0     4 4579 4196 25  8 67  0  0
 2  0      0 3451844  16344 293740    0    0     0     8 4896 4627 25  7 68  0  0
 1  0      0 3450708  16352 293740    0    0     0    12 4269 3944 26  6 68  0  0
 2  0      0 3451152  16352 293740    0    0     0     0 4309 4246 27  7 66  0  0
 1  0      0 3450660  16352 293740    0    0     0     0 4195 3978 26  8 66  0  0
procs -----------memory---------- ---swap-- -----io---- -system-- ------cpu-----
 r  b   swpd   free   buff  cache   si   so    bi    bo   in   cs us sy id wa st
 2  0      0 3449884  16356 293744    0    0     0    12 4559 4537 25  8 66  0  0
 1  0      0 3449348  16356 293744    0    0     0     0 4043 3905 25  8 67  0  0
 1  0      0 3449952  16364 293748    0    0     0    24 3797 3802 27  7 67  0  0
 1  0      0 3450008  16364 293684    0    0     0     0 3900 3745 25  7 68  0  0
 1  0      0 3450268  16364 293684    0    0     0     0 3917 3902 26  7 67  0  0
 1  0      0 3450804  16364 293684    0    0     0   352 3889 3679 26  7 67  0  0
 1  0      0 3449920  16364 293684    0    0     0     4 3509 3376 26  8 67  0  0
 1  0      0 3450840  16364 293684    0    0     0    12 3840 3620 25  8 67  0  0
 1  0      0 3451240  16372 293680    0    0     0    24 3651 3903 31  9 60  0  0
 1  0      0 3451172  16372 293688    0    0     0     0 3704 3421 24  8 68  0  0
 1  0      0 3449364  16372 293688    0    0     0     4 4078 3867 25  7 68  0  0
 2  0      0 3449728  16372 293688    0    0     0     0 3708 3445 25  8 67  0  0
 1  0      0 3449528  16372 293688    0    0     0     4 3228 3045 25  8 67  0  0
 1  0      0 3449856  16380 293680    0    0     0    48 3357 2915 24  7 69  0  0
 2  0      0 3450996  16380 293688    0    0     0     0 2307 2150 23  6 72  0  0
 1  0      0 3450208  16380 293684    0    0     0     0 2647 2296 25  6 70  0  0
 1  0      0 3451876  16380 293684    0    0     0     4 3865 3580 26  7 67  0  0
 1  0      0 3451220  16380 293680    0    0     0     0 3694 3221 25  7 68  0  0
 1  0      0 3451640  16388 293672    0    0     0    40 4034 3940 26  7 67  0  0
 2  0      0 3449420  16388 293676    0    0     0     0 3791 3455 26  8 67  0  0
 3  0      0 3449184  16388 293676    0    0     0     0 7631 11686 27  9 64  0  0
