procs -----------memory---------- ---swap-- -----io---- -system-- ------cpu-----
 r  b   swpd   free   buff  cache   si   so    bi    bo   in   cs us sy id wa st
 1  0      0 3403328 214152 3840056    0    0   337  4538  821 1372 14  5 81  1  0
 0  1      0 3401932 215392 3840704    0    0     0 14192 11632 21449  3  5 79 13  0
 0  1      0 3399664 217852 3841332    0    0     0 23164 16764 31594  1  8 72 19  0
 0  1      0 3398152 221048 3841984    0    0     0 15944 15618 29448  2  5 75 18  0
 0  1      0 3395884 224492 3842532    0    0     0 13424 13666 25478  3  5 74 18  0
 0  1      0 3369232 226960 3859204    0    0     0 32016 15081 27896  2  7 72 18  0
 1  0      0 3312144 228236 3876920    0    0     0 26432 18481 34045 12  8 69 11  0
 1  0      0 3304032 228272 3877048    0    0     0  1608 17452 32483 20  7 73  0  0
 1  0      0 3303276 228300 3877048    0    0     0  1648 36720 71765 13 11 76  1  0
 1  0      0 3303276 228316 3877048    0    0     0  1672 37266 72493 14 10 75  0  0
 1  0      0 3301512 228388 3877048    0    0     0  6840 38494 74801 12 12 74  1  0
 2  0      0 3301512 228524 3877064    0    0     0  7296 31944 61432 13 12 73  1  0
 1  0      0 3301512 228608 3877064    0    0     0  6784 18380 34473 20  8 71  1  0
 0  0      0 3301512 228608 3877064    0    0     0     0 37375 72602 13 10 77  0  0
 0  0      0 3299748 228616 3877064    0    0     0    36 36727 71443 13 12 75  0  0
 1  0      0 3299748 228684 3877064    0    0     0  6760 37015 72029 12 12 76  1  0
 1  0      0 3297732 228780 3877076    0    0     0  1760 32966 63263 14 10 76  1  0
 1  0      0 3298244 228952 3877128    0    0     0  2760 27818 52134 16  8 73  2  0
 1  0      0 3297992 228956 3877136    0    0     0   296 29226 55748 17  7 76  0  0
 1  0      0 3298500 229008 3877476    0    0    40   856 6429 11659  3  1 95  1  0
 0  0      0 3297240 229028 3877476    0    0     0  2572  691 1193  1  1 97  1  0
procs -----------memory---------- ---swap-- -----io---- -system-- ------cpu-----
 r  b   swpd   free   buff  cache   si   so    bi    bo   in   cs us sy id wa st
 0  0      0 3297016 229296 3877712    0    0     0  2208 12974 22947  5  5 88  2  0
 0  0      0 3294748 229340 3877712    0    0     0  1444  594  961  0  1 99  1  0
 1  0      0 3295760 229436 3877704    0    0     0   800 7633 13661  4  2 93  1  0
15  0      0 3259908 229960 3884012    0    0     0 13724 21774 50209 35 18 43  3  0
11  0      0 3233060 230256 3888904    0    0     0 14004 18514 62318 60 31  8  1  0
13  0      0 3223640 230468 3893948    0    0     0 11060 19301 66204 61 30  7  1  0
17  0      0 3212104 230776 3897396    0    0     0  9432 23370 75849 64 29  7  1  0
14  1      0 3202408 231208 3900676    0    0     0 10208 20014 68286 59 32  8  1  0
14  0      0 3195900 231712 3905824    0    0     0 11712 20781 69100 59 32  8  1  0
14  0      0 3186140 232048 3909436    0    0     0 13244 22972 72991 66 29  5  1  0
14  0      0 3182052 232296 3911244    0    0     0  7352 20268 69841 68 27  5  0  0
15  0      0 3178548 232528 3912852    0    0     0  7876 21201 74898 69 25  5  1  0
14  0      0 3172780 232768 3918472    0    0     0 10636 22008 69182 70 26  4  0  0
13  0      0 3167672 233088 3920180    0    0     0  7684 23165 81553 71 27  3  0  0
13  1      0 3163700 233256 3922620    0    0     0  8276 22337 76448 67 30  3  0  0
13  0      0 3158788 233520 3924536    0    0     0  8556 21542 74489 66 30  4  0  0
15  1      0 3157348 233772 3926116    0    0     0  8336 23062 79372 69 27  4  1  0
12  0      0 3153428 233964 3929948    0    0     0 10292 20943 77045 72 24  4  1  0
17  0      0 3148372 234080 3931184    0    0     0  6844 22731 80005 71 24  4  1  0
11  0      0 3147916 234148 3934064    0    0     0  9388 22243 78160 71 25  4  0  0
13  1      0 3147168 234328 3936032    0    0     0 13940 20047 70595 68 29  3  0  0
procs -----------memory---------- ---swap-- -----io---- -system-- ------cpu-----
 r  b   swpd   free   buff  cache   si   so    bi    bo   in   cs us sy id wa st
13  0      0 3140820 234496 3937648    0    0     0  8972 20434 70108 66 28  5  1  0
16  0      0 3137792 234692 3941656    0    0     0 11828 19413 67153 68 26  6  1  0
16  0      0 3134888 234972 3944900    0    0     0  9852 20317 71404 68 27  5  0  0
13  0      0 3129780 235216 3946580    0    0     0  8012 20667 72453 70 25  5  1  0
14  1      0 3125556 235464 3948876    0    0     0 10044 21583 73159 67 28  4  1  0
11  1      0 3121108 235636 3952916    0    0     0 10308 22147 77739 71 26  3  0  0
14  0      0 3116104 235792 3954672    0    0     0  8788 21220 64712 70 26  4  1  0
13  0      0 3116048 235948 3957524    0    0     0  8924 24191 79080 69 26  5  1  0
12  0      0 3110196 236112 3964136    0    0     0 12584 20612 68894 75 22  3  0  0
15  0      0 3104736 236280 3966668    0    0     0  9012 19968 68865 72 24  3  1  0
13  1      0 3093148 236508 3975400    0    0     0 15980 19810 61807 67 30  3  1  0
13  0      0 3090452 236620 3976504    0    0     0  7700 22336 72986 67 29  4  1  0
22  0      0 3091184 236720 3978444    0    0     0  9356 19909 63529 68 27  5  1  0
12  0      0 3087284 236760 3979976    0    0     0  8232 21727 69151 73 23  4  0  0
14  1      0 3083216 236816 3981452    0    0     0 18288 19687 69883 73 23  3  1  0
13  0      0 3080712 236888 3982408    0    0     0  6812 20884 68053 73 22  4  0  0
13  0      0 3081164 236976 3984180    0    0     0  7660 20815 72665 74 23  2  0  0
17  0      0 3076000 237044 3985944    0    0     0  7784 20476 71730 72 25  3  1  0
15  1      0 3071744 237156 3987792    0    0     0  8276 18792 63822 74 22  4  1  0
16  0      0 3068340 237316 3988904    0    0     0  9240 20345 65400 65 29  5  1  0
16  1      0 3066860 237452 3991812    0    0     0 10096 20881 70713 71 25  4  0  0
procs -----------memory---------- ---swap-- -----io---- -system-- ------cpu-----
 r  b   swpd   free   buff  cache   si   so    bi    bo   in   cs us sy id wa st
14  0      0 3065024 237564 3993748    0    0     0  9440 18750 59214 71 25  4  1  0
13  0      0 3063496 237592 3994784    0    0     0  6624 19708 76732 76 21  3  1  0
16  0      0 3060184 237652 3999204    0    0     0  7752 18527 67814 76 22  2  0  0
13  0      0 3056408 237764 4002272    0    0     0  8664 16538 57890 73 24  2  0  0
12  0      0 3055900 237872 4004912    0    0     0  8536 19889 66628 76 21  3  0  0
13  0      0 3047128 237980 4010636    0    0     0 11164 20075 65636 77 20  3  1  0
12  0      0 3040640 238056 4017468    0    0     0 11484 17621 58862 74 24  2  0  0
14  0      0 3033860 238140 4019220    0    0     0  8132 17247 56047 75 22  4  0  0
15  0      0 3032524 238188 4020376    0    0     0 16856 17396 64704 72 26  2  1  0
12  0      0 3028580 238236 4021304    0    0     0  6704 18874 69200 73 22  5  0  0
14  0      0 3024844 238268 4022260    0    0     0  6660 17838 58408 76 21  3  0  0
16  0      0 3023452 238296 4030728    0    0     0 13840 17612 66879 75 20  4  1  0
12  0      0 3017156 238356 4031604    0    0     0  7204 19716 65451 74 24  2  0  0
14  0      0 3016024 238404 4032768    0    0     0  7220 18428 60623 72 25  3  0  0
13  2      0 3017756 238436 4033260    0    0     0  5608 7950 27832 55 32  9  4  0
14  0      0 3011648 238500 4033980    0    0     0  3632 12709 48610 60 28 10  3  0
12  0      0 3010624 238564 4035060    0    0     0  6452 15799 50464 69 27  4  1  0
16  0      0 3009264 238608 4036344    0    0     0  5812 21186 64740 70 25  4  1  0
15  0      0 3008800 238708 4037896    0    0     0  7452 19698 63951 67 29  4  1  0
12  0      0 3009408 238804 4038956    0    0     0  7084 21123 66757 71 24  5  1  0
13  1      0 3005936 238872 4040236    0    0     0  6788 24474 71234 70 25  5  0  0
procs -----------memory---------- ---swap-- -----io---- -system-- ------cpu-----
 r  b   swpd   free   buff  cache   si   so    bi    bo   in   cs us sy id wa st
 0  0      0 3004240 238888 4040816    0    0     0  3756 9593 28979 28 13 58  0  0
