procs -----------memory---------- ---swap-- -----io---- -system-- ------cpu-----
 r  b   swpd   free   buff  cache   si   so    bi    bo   in   cs us sy id wa st
 1  0      0 3540984  18236 294560    0    0    39     5  265  288  6  2 92  0  0
 0  0      0 3515088  18236 294572    0    0     0     0 1046 1726  2  2 97  0  0
 0  0      0 3515088  18236 294572    0    0     0     0   42   43  0  0 100  0  0
 0  0      0 3514612  18236 294572    0    0     0     0  192  312  0  0 99  0  0
 0  0      0 3514612  18236 294572    0    0     0     0   26   27  0  0 100  0  0
 2  0      0 3514140  18248 294572    0    0     0   916  255  407  0  0 99  0  0
 0  0      0 3514140  18248 294572    0    0     0     8   44   37  0  0 100  0  0
 0  0      0 3514672  18248 294572    0    0     0     0  177  276  0  1 99  0  0
 0  0      0 3514196  18248 294572    0    0     0     0  798 1017  0  0 99  0  0
 0  0      0 3514228  18248 294572    0    0     0     0  778 1003  0  1 99  0  0
 1  0      0 3513248  18256 294564    0    0     0    40  202  230  0  0 100  0  0
 0  0      0 3509496  18256 294572    0    0     0     0  287  413  0  1 99  0  0
 0  0      0 3509272  18256 294572    0    0     0     0  138  169  0  0 100  0  0
 0  0      0 3508048  18256 294572    0    0     0     4  782  965  0  2 98  0  0
 0  0      0 3506568  18256 294572    0    0     0     0  159  265  0  1 99  0  0
 0  0      0 3506120  18256 294572    0    0     0     4 1112 1246  0  1 99  0  0
 2  0      0 3503096  18264 294572    0    0     0    12  552  746  1  1 98  0  0
 0  0      0 3503356  18264 294572    0    0     0     0  109   84  0  0 100  0  0
 0  0      0 3502492  18264 294572    0    0     0     0 1037 1340  0  2 98  0  0
 2  0      0 3488068  18264 294572    0    0     0     0 3457 3888 18  5 77  0  0
 1  0      0 3477736  18264 294572    0    0     0     0 2662 2538 25  9 66  0  0
procs -----------memory---------- ---swap-- -----io---- -system-- ------cpu-----
 r  b   swpd   free   buff  cache   si   so    bi    bo   in   cs us sy id wa st
 1  0      0 3475836  18272 294572    0    0     0    16 2733 2403 25  6 69  0  0
 1  0      0 3463668  18272 294572    0    0     0     0 2510 2352 25  9 66  0  0
 1  0      0 3460952  18272 294572    0    0     0     0 3873 3805 26  7 67  0  0
 1  0      0 3458108  18272 294572    0    0     0     8 3411 3379 26  8 66  0  0
 1  0      0 3458568  18272 294576    0    0     0     0 2927 2681 26  7 67  0  0
 2  0      0 3458032  18280 294568    0    0     0    12 2303 2137 24  6 70  0  0
 1  0      0 3458980  18280 294576    0    0     0     4 1786 1712 22  8 70  0  0
 1  0      0 3457860  18280 294576    0    0     0     0 3268 3152 24  9 67  0  0
 1  0      0 3456568  18280 294576    0    0     0    12 2380 2294 25  8 67  0  0
 1  0      0 3455592  18280 294576    0    0     0    40 2680 2428 25  7 68  0  0
 1  0      0 3455376  18280 294592    0    0     0     0 2096 2077 24  8 68  0  0
 1  0      0 3455476  18288 294592    0    0     0    20 1913 1651 23  7 70  0  0
 1  0      0 3455824  18288 294592    0    0     0     4 2101 2005 23 11 66  0  0
12  0      0 3455056  18288 294608    0    0     0     0 2487 2309 25  9 66  0  0
 1  0      0 3454140  18288 294608    0    0     0     0 2741 2823 26 10 63  0  0
 1  0      0 3454116  18288 294608    0    0     0     0 2953 2754 25  7 68  0  0
 3  0      0 3454956  18288 294608    0    0     0     0 2023 1963 24  8 68  0  0
 2  0      0 3451920  18296 294608    0    0     0    12 2543 2319 25  8 67  0  0
 1  0      0 3453780  18296 294608    0    0     0     4 2723 2469 24  8 67  0  0
 1  0      0 3454212  18296 294608    0    0     0     4 2341 1961 25  6 70  0  0
 1  0      0 3453980  18296 294608    0    0     0     0 2318 2110 24  8 68  0  0
procs -----------memory---------- ---swap-- -----io---- -system-- ------cpu-----
 r  b   swpd   free   buff  cache   si   so    bi    bo   in   cs us sy id wa st
 1  0      0 3454464  18296 294608    0    0     0     0 2206 1889 25  8 67  0  0
 1  0      0 3454596  18296 294608    0    0     0     0 1488 1533 20  8 72  0  0
 1  0      0 3454156  18304 294612    0    0     0    12 1295 1095 21  8 67  4  0
 2  0      0 3455868  18304 294612    0    0     0    12 2041 1916 24 10 67  0  0
 1  0      0 3456860  18304 294612    0    0     0     0 1700 1467 21  5 74  0  0
 2  0      0 3456288  18304 294612    0    0     0     0 1707 1412 23  7 70  0  0
 1  0      0 3457100  18304 294612    0    0     0     0 1722 1530 22  6 72  0  0
 4  0      0 3455376  18304 294612    0    0     0     0 2721 2583 23  8 68  0  0
 2  0      0 3454472  18312 294612    0    0     0    20 2076 2017 21  8 71  0  0
 1  0      0 3454224  18312 294612    0    0     0     8 1755 1454 22  6 72  0  0
 1  0      0 3453904  18312 294612    0    0     0     0 1897 1875 21 13 66  0  0
 1  0      0 3453976  18312 294612    0    0     0     0 2032 1890 22  6 72  0  0
 4  0      0 3454116  18312 294612    0    0     0     0  742  676 14  4 81  0  0
 1  0      0 3454436  18312 294612    0    0     0     0  587  381 18  3 79  0  0
 2  0      0 3454860  18320 294612    0    0     0    16  983  919 21  8 70  1  0
 1  0      0 3455464  18320 294612    0    0     0     0 1209  950 19  8 73  0  0
 1  0      0 3456264  18320 294612    0    0     0     0 1624 1539 26  8 66  0  0
 1  0      0 3455396  18320 294612    0    0     0     0 1299 1019 21  5 74  0  0
 1  0      0 3454864  18320 294628    0    0     0     0 1673 1662 21 12 67  0  0
 1  0      0 3454864  18320 294628    0    0     0     0 1302 1008 23  5 72  0  0
 2  0      0 3453232  18328 294628    0    0     0    32 1067 1030 19  8 73  0  0
procs -----------memory---------- ---swap-- -----io---- -system-- ------cpu-----
 r  b   swpd   free   buff  cache   si   so    bi    bo   in   cs us sy id wa st
 2  0      0 3453548  18328 294628    0    0     0     0 1692 1462 23  7 71  0  0
 1  0      0 3453896  18328 294628    0    0     0     0 1454 1491 21  8 70  0  0
 1  0      0 3455576  18328 294628    0    0     0     0 1771 1563 22  8 70  0  0
10  0      0 3454040  18328 294612    0    0     0     4 1554 1496 15  5 80  0  0
 1  0      0 3454224  18336 294612    0    0     0    12 1001 1036 21 12 60  7  0
 1  0      0 3454792  18336 294612    0    0     0     0 2279 2134 23  6 72  0  0
 1  0      0 3454464  18336 294596    0    0     0     0  507  480  9  2 89  0  0
 1  0      0 3454800  18336 294596    0    0     0     0  886  754 14  4 81  0  0
 1  0      0 3456112  18336 294596    0    0     0     4 1662 1541 16  6 78  0  0
 2  0      0 3456332  18344 294596    0    0     0    12 2040 1826 24  8 61  7  0
 1  0      0 3453684  18344 294596    0    0     0     0 2957 3273 26 13 61  0  0
 1  0      0 3453148  18344 294596    0    0     0     0 2901 2672 25  6 69  0  0
 1  0      0 3453924  18344 294596    0    0     0     0 2854 2825 25  9 66  0  0
 3  0      0 3453104  18344 294608    0    0     0     8 3733 4280 25 10 65  0  0
 1  1      0 3545088  18352 294600    0    0     0    52 26088 50439 42 18 39  0  0
 0  0      0 3545232  18352 294576    0    0     0     0  112  123  0  0 99  0  0
 0  0      0 3545232  18352 294576    0    0     0     0   39   38  0  0 100  0  0
 0  0      0 3545584  18352 294576    0    0     0     0  196  282  0  1 98  0  0
 5  0      0 3542648  18352 294588    0    0     0     4 1351 1635 12  7 82  0  0
