procs -----------memory---------- ---swap-- -----io---- -system-- ------cpu-----
 r  b   swpd   free   buff  cache   si   so    bi    bo   in   cs us sy id wa st
 3  0      0 2447792 241460 4383604    0    0    90  1962 1768 4789 20  9 69  2  0
 0  1      0 2518704 241460 4322136    0    0     0 17704 10096 18272  4  8 72 16  0
 1  0      0 2518704 241464 4322380    0    0     0 14696 13803 25497  2  7 73 18  0
 0  1      0 2515708 241464 4322664    0    0     0 14264 13694 25238  3  5 74 18  0
 0  1      0 2515708 241464 4322956    0    0     0 13848 13361 24458  2  6 74 18  0
 5  1      0 2513468 241464 4323132    0    0     0  9672 9483 17340  1  6 74 19  0
 0  1      0 2513468 241464 4323312    0    0     0 11876 11339 20519  1  5 75 18  0
 1  2      0 2507472 241464 4335512    0    0     0 25460 10848 19506  4  8 71 18  0
 1  1      0 2491176 241468 4349536    0    0     0 29456 14608 26365 10  9 65 16  0
 1  0      0 2487928 241468 4349644    0    0     0  4444 23318 42907 15  8 73  3  0
 1  0      0 2487704 241468 4349672    0    0     0  3788 21454 39569 14  9 74  3  0
 1  0      0 2486220 241468 4349676    0    0     0  2888 21868 41334 15  9 75  1  0
 1  0      0 2486220 241468 4349676    0    0     0  7088 14239 25885 13 11 73  3  0
 1  0      0 2484008 241468 4349820    0    0     0  7748 7590 13282 11  7 78  4  0
 1  0      0 2484008 241468 4349820    0    0     0   292  551  630  0  1 99  0  0
 1  0      0 2482280 241468 4349952    0    0     0   520 4665 8088  4  3 93  1  0
 0  0      0 2482540 241468 4350104    0    0     0  9752 12312 21183  9  8 78  5  0
 0  0      0 2481028 241468 4350104    0    0     0   508  521  811  0  1 98  0  0
 1  1      0 2484724 241468 4350112    0    0     0   720 3882 6486  3  3 93  1  0
 5  1      0 2478980 241468 4350660    0    0     0  9000 12168 23075 16 13 64  7  0
 9  1      0 2467812 241468 4355572    0    0     0  9448 7768 28203 36 29 24 11  0
procs -----------memory---------- ---swap-- -----io---- -system-- ------cpu-----
 r  b   swpd   free   buff  cache   si   so    bi    bo   in   cs us sy id wa st
10  1      0 2465652 241468 4357716    0    0     0  6700 8610 35309 47 34 13  7  0
 3  1      0 2455868 241468 4357928    0    0     0  2876 5336 19367 37 37 18  8  0
15  1      0 2455580 241468 4359012    0    0     0  4516 8037 34257 41 38 14  7  0
17  1      0 2452744 241468 4359952    0    0     0  4912 9544 44072 49 36 11  3  0
13  0      0 2453384 241468 4360596    0    0     0  3700 8878 38949 52 35 10  4  0
10  1      0 2448360 241468 4361228    0    0     0  8188 8838 38473 53 33 10  4  0
 7  1      0 2447748 241468 4361672    0    0     0  2376 5387 23338 47 36  9  8  0
17  0      0 2452096 241468 4364104    0    0     0  5136 6551 31139 47 38  9  6  0
13  0      0 2451944 241468 4365000    0    0     0  3468 7316 34009 45 39 12  4  0
13  0      0 2443396 241468 4365460    0    0     0  2872 6401 28774 46 39 12  3  0
14  0      0 2441192 241468 4367248    0    0     0  3752 5351 25363 42 39 13  7  0
15  0      0 2440352 241468 4367508    0    0     0  2000 3536 18025 43 37 13  7  0
14  1      0 2448308 241472 4368056    0    0     0  3048 4852 23979 41 40 14  5  0
16  0      0 2443892 241472 4368432    0    0     0  3556 6219 29145 49 35 13  3  0
16  0      0 2441924 241472 4369048    0    0     0  3464 5469 28649 41 41 12  7  0
16  1      0 2440452 241472 4369996    0    0     0  4440 8658 38636 51 36  9  4  0
17  0      0 2438124 241472 4370504    0    0     0  2732 4489 18629 40 46  9  5  0
13  0      0 2437528 241472 4371312    0    0     0  3804 6756 26521 47 38 11  4  0
 7  1      0 2435788 241472 4372224    0    0     0  3236 7346 31353 47 39 12  2  0
18  0      0 2438976 241472 4372376    0    0     0  2848 5811 27589 50 36  9  5  0
 7  1      0 2437464 241472 4374880    0    0     0  4808 5382 28277 46 39 10  6  0
procs -----------memory---------- ---swap-- -----io---- -system-- ------cpu-----
 r  b   swpd   free   buff  cache   si   so    bi    bo   in   cs us sy id wa st
17  1      0 2438928 241472 4375296    0    0     0  3712 3914 20148 47 36 12  5  0
13  1      0 2436680 241472 4378300    0    0     0  2608 5150 24091 48 33 12  6  0
18  3      0 2435924 241472 4378544    0    0     0  1448 2607 12343 49 36 10  5  0
12  1      0 2436624 241472 4378784    0    0     0  1904 3478 18239 44 41  8  7  0
 9  3      0 2435192 241472 4379348    0    0     0  2668 5022 25332 44 37 14  5  0
14  1      0 2434604 241472 4379728    0    0     0 10420 2870 14615 39 34  8 19  0
 7  0      0 2431140 241472 4381188    0    0     0  4032 4650 23032 44 36  9 11  0
13  1      0 2427952 241472 4381868    0    0     0  2280 5254 28257 43 39 13  5  0
11  1      0 2421844 241476 4383560    0    0     0  3872 5441 27241 41 37 13 10  0
17  1      0 2422324 241476 4383896    0    0     0  2048 5112 24439 46 32 17  4  0
28  0      0 2422580 241476 4384512    0    0     0  1884 2957 15125 43 36 13  9  0
19  1      0 2422440 241476 4384832    0    0     0  1528 3585 18906 40 37 15  8  0
12  1      0 2422120 241476 4384884    0    0     0  1620 3921 19529 40 37 16  7  0
12  1      0 2422128 241476 4385020    0    0     0   296 1117 5541 23 15 52 10  0
13  2      0 2423484 241476 4385088    0    0     0   668 1537 7681 30 31 23 16  0
18  2      0 2422984 241476 4385312    0    0     0  1576 1886 9232 30 28 22 20  0
18  0      0 2426216 241476 4385400    0    0     0  1632 3466 14744 38 34 16 11  0
 6  1      0 2424180 241476 4385664    0    0     0  1080 2786 15202 39 34 19  9  0
15  1      0 2422156 241476 4386040    0    0     0  1288 3185 16911 41 31 16 12  0
 6  1      0 2421688 241476 4386144    0    0     0  1528 3966 21590 44 32 18  6  0
11  1      0 2420528 241476 4386732    0    0     0  1048 2392 12527 39 30 20 11  0
procs -----------memory---------- ---swap-- -----io---- -system-- ------cpu-----
 r  b   swpd   free   buff  cache   si   so    bi    bo   in   cs us sy id wa st
13  2      0 2419740 241476 4386840    0    0     0  2180 3897 19718 41 35 13 11  0
17  3      0 2414952 241476 4387272    0    0     0  1132 2890 15673 36 37 18  9  0
13  1      0 2418032 241476 4387544    0    0     0  1440 3357 15690 40 33 19  9  0
14  1      0 2419600 241476 4387876    0    0     0  1500 4618 22788 45 35 13  7  0
44  0      0 2419684 241476 4388204    0    0     0   560 1224 5203 45 31 13 11  0
15  2      0 2420476 241476 4388204    0    0     0   348 1606 7666 33 30 24 13  0
 2  1      0 2423592 241476 4388356    0    0     0   412 3815 26045 45 26 15 14  0
22  0      0 2423620 241476 4388564    0    0     0   504 1155 6456 17 10 48 25  0
 7  1      0 2423988 241476 4388648    0    0     0   188 1626 9032 47 30 18  5  0
18  1      0 2423244 241476 4388856    0    0     0   472 3645 18895 45 32  9 14  0
12  3      0 2427596 241476 4389220    0    0     0  1836 5089 26414 46 31 16  7  0
 7  1      0 2427152 241476 4391660    0    0     0  4256 6154 27564 48 33 11  9  0
18  2      0 2427544 241476 4392344    0    0     0  2644 8146 33124 49 35  9  7  0
13  2      0 2420692 241476 4392716    0    0     0  2620 7319 32835 49 37  7  7  0
 6  1      0 2419976 241476 4393460    0    0     0  2540 7748 36334 49 36  9  5  0
 0  1      0 2420304 241476 4393460    0    0     0 12096  914 1434  1  1 90  9  0
 0  0      0 2420304 241476 4393460    0    0     0  1160  678  933  0  1 95  4  0
 3  0      0 2420304 241476 4393460    0    0     0  1432  544  721  0  1 95  4  0
 1  1      0 2418504 241476 4393468    0    0     0  7632 2809 4439  4 13 68 16  0
 0  1      0 2423988 241476 4393480    0    0     0  7136 2286 3501  1  6 70 23  0
 1  0      0 2423368 241476 4393484    0    0     0  6652 2153 3371  4 10 69 17  0
