Linux 5.15.0-198-generic (isucon13-app) 	10/08/26 	_aarch64_	(4 CPU)

# Time        UID       PID    %usr %system  %guest   %wait    %CPU   CPU  minflt/s  majflt/s     VSZ     RSS   %MEM   kB_rd/s   kB_wr/s kB_ccwr/s iodelay  Command
1791479122    112     14307    0.00    0.00    0.00    0.00    0.00     3      0.00      0.00 2888260 1139580  14.04      0.00      0.00      0.00       0  mysqld
1791479122      0     17311    0.00    0.00    0.00    0.00    0.00     2      0.00      0.00   56816   12524   0.15      0.00      0.00      0.00       0  nginx
1791479122     33    203690    0.00    0.00    0.00    0.00    0.00     1      0.00      0.00   58684   12448   0.15      0.00      0.00      0.00       0  nginx
1791479122     33    203691    0.00    0.00    0.00    0.00    0.00     3      0.00      0.00   60028   13864   0.17      0.00      0.00      0.00       0  nginx
1791479122     33    203692    0.00    0.00    0.00    0.00    0.00     1      0.00      0.00   59496   13224   0.16      0.00      0.00      0.00       0  nginx
1791479122     33    203693    0.00    0.00    0.00    0.00    0.00     0      4.85      0.00   61936   15616   0.19      0.00      3.88      0.00       0  nginx
1791479122    113    237972    0.00    0.00    0.00    0.00    0.00     1      5.83      0.00  682064   57940   0.71      0.00      0.00      0.00       0  pdns_server
1791479122   1100    238656    0.00    0.00    0.00    0.00    0.00     3     35.92      0.00 1602996    7532   0.09      0.00      0.00      0.00       0  isupipe
