procs -----------memory---------- ---swap-- -----io---- -system-- ------cpu-----
 r  b   swpd   free   buff  cache   si   so    bi    bo   in   cs us sy id wa st
 3  0      0 3065680  37536 705460    0    0     4    15  177  221  2  1 97  0  0
 0  0      0 3041336  37536 705384    0    0     0     0  896 1234  1  1 98  0  0
 0  0      0 3036064  37536 705384    0    0     0     0 1748 2430  1  1 98  0  0
 0  0      0 3036132  37536 705384    0    0     0     0   40   38  0  0 100  0  0
 0  0      0 3033640  37536 705384    0    0     0     0 1151 1608  0  1 99  0  0
 2  0      0 3033640  37548 705372    0    0     0  1012  127  153  0  0 99  0  0
 1  0      0 3007824  37548 705384    0    0     0     0 5026 6517  9  4 88  0  0
 1  0      0 2975904  37548 705392    0    0     0     0 12493 14093 40 10 50  0  0
 2  0      0 2967636  37548 705400    0    0     0     0 12333 14271 40 10 50  0  0
 1  0      0 2955328  37548 705408    0    0     0     0 12981 14622 40 11 49  0  0
 1  0      0 2947008  37556 705420    0    0     0    68 12285 13905 39 11 50  0  0
 4  0      0 2938580  37556 705428    0    0     0    56 12650 14322 39 10 51  0  0
 3  0      0 2928716  37556 705468    0    0     0     0 13411 15278 41 11 48  0  0
 4  0      0 2922644  37556 705508    0    0     0     0 13087 14781 38 12 51  0  0
 2  0      0 2922168  37556 705560    0    0     0     0 12288 14240 39 10 51  0  0
 1  0      0 2915584  37564 705604    0    0     0    36 12833 14491 41  9 50  0  0
 2  0      0 2907588  37564 705644    0    0     0    48 12936 14782 41 10 49  0  0
 1  0      0 2903756  37564 705668    0    0     0     4 12990 14611 40 11 49  0  0
 3  0      0 2899156  37564 705672    0    0     0     0 12935 14215 40 12 49  0  0
 1  0      0 2892428  37564 705712    0    0     0     0 12559 14152 40 10 51  0  0
 1  0      0 2890764  37572 705756    0    0     0    20 13466 15050 41  9 50  0  0
procs -----------memory---------- ---swap-- -----io---- -system-- ------cpu-----
 r  b   swpd   free   buff  cache   si   so    bi    bo   in   cs us sy id wa st
 3  0      0 2887808  37572 705792    0    0     0     0 14504 15961 40 12 49  0  0
 1  0      0 2885664  37572 705800    0    0     0    48 13909 15520 41 11 48  0  0
 1  0      0 2873536  37572 705848    0    0     0     4 14317 15736 40 10 49  0  0
 2  0      0 2871604  37572 705936    0    0     0     0 13423 14874 41 11 48  0  0
 4  0      0 2867980  37584 705944    0    0     0    40 13414 14916 40 11 49  0  0
 1  0      0 2867968  37584 705980    0    0     0     0 13131 14447 40 10 49  0  0
 3  0      0 2867244  37584 705992    0    0     0    48 13001 14202 41  9 50  0  0
 2  0      0 2856044  37584 706024    0    0     0     0 13863 15091 42 10 48  0  0
 3  0      0 2855180  37584 706116    0    0     0     4 13129 14680 40 11 48  0  0
 2  0      0 2852780  37592 706124    0    0     0    44 12888 14693 41  9 50  0  0
 1  0      0 2849540  37592 706168    0    0     0     0 12426 14223 40 10 50  0  0
 1  0      0 2846936  37592 706244    0    0     0   108 13972 15665 39 12 49  0  0
 1  0      0 2847084  37592 706316    0    0     0     0 13473 16988 43 12 46  0  0
 1  0      0 2838992  37592 706388    0    0     0     0 11964 13620 40 12 48  0  0
 1  0      0 2835680  37604 706440    0    0     0    56 12979 14529 41 11 48  0  0
 4  0      0 2831300  37604 706496    0    0     0     0 11946 13760 43  9 47  0  0
 2  0      0 2827340  37604 706584    0    0     0   196 13516 15220 43 11 46  0  0
 3  0      0 2824904  37604 706644    0    0     0     0 11665 12886 42 12 46  0  0
 2  0      0 2823764  37604 706700    0    0     0     0 13805 14805 43 11 45  0  0
 3  0      0 2822120  37612 706732    0    0     0    20 13683 15357 42 10 48  0  0
 1  0      0 2818116  37612 706812    0    0     0     4 13489 14738 41 11 48  0  0
procs -----------memory---------- ---swap-- -----io---- -system-- ------cpu-----
 r  b   swpd   free   buff  cache   si   so    bi    bo   in   cs us sy id wa st
 3  0      0 2818176  37612 706884    0    0     0     0 14124 15872 40 12 48  0  0
 5  0      0 2818240  37612 706984    0    0     0     0 14396 15671 44 10 46  0  0
 3  0      0 2815608  37612 707056    0    0     0     0 13360 14794 42 10 48  0  0
 1  0      0 2814368  37620 707096    0    0     0    20 14867 16130 39 11 50  0  0
 1  0      0 2811792  37620 707172    0    0     0     0 12364 13932 44 11 46  0  0
 1  0      0 2811004  37620 707260    0    0     0     8 13099 14849 41 11 48  0  0
 2  0      0 2809696  37620 707352    0    0     0     0 12659 14297 41 11 48  0  0
 1  0      0 2804456  37620 707416    0    0     0     0 12701 14204 46  9 45  0  0
 4  0      0 2802960  37628 707484    0    0     0    20 13761 15707 40 10 49  0  0
 1  0      0 2802732  37628 707572    0    0     0     8 13483 15149 40 13 47  0  0
 2  0      0 2801148  37628 707592    0    0     0     0 12446 14363 44  9 47  0  0
 1  0      0 2800476  37628 707632    0    0     0     4 13519 15337 40  9 51  0  0
 2  0      0 2799248  37628 707676    0    0     0     0 13331 14987 40 13 48  0  0
 1  0      0 2798276  37636 707728    0    0     0    12 14168 15331 42 11 46  0  0
 1  0      0 2797004  37636 707760    0    0     0     0 13278 15031 42 10 48  0  0
 4  0      0 2796768  37636 707804    0    0     0     0 12733 14458 42 10 48  0  0
 2  0      0 2795084  37636 707876    0    0     0     0 12516 13989 44 10 46  0  0
 4  0      0 2794136  37636 707928    0    0     0     4 12831 14291 42 10 47  0  0
 1  0      0 2792108  37644 707976    0    0     0    12 13701 15194 44 11 45  0  0
 1  0      0 2791464  37644 708064    0    0     0     0 12973 14491 41 10 49  0  0
 1  0      0 2789280  37644 708104    0    0     0     0 12279 14130 41 10 49  0  0
procs -----------memory---------- ---swap-- -----io---- -system-- ------cpu-----
 r  b   swpd   free   buff  cache   si   so    bi    bo   in   cs us sy id wa st
 2  0      0 2789192  37644 708172    0    0     0     0 13229 14354 43 11 46  0  0
 1  0      0 2789700  37644 708212    0    0     0     0 13662 15102 45 10 46  0  0
 2  0      0 2788824  37652 708256    0    0     0    16 13986 15148 45 10 46  0  0
 4  0      0 2788356  37652 708300    0    0     0     0 20505 32308 45 14 41  0  0
 1  0      0 3032520  37652 706764    0    0     0     4 17111 35988 27  8 65  0  0
