procs -----------memory---------- ---swap-- -----io---- -system-- ------cpu-----
 r  b   swpd   free   buff  cache   si   so    bi    bo   in   cs us sy id wa st
 1  0      0 5794244  81596 1374524    0    0    27    80  128  255  1  1 98  0  0
 0  1      0 5989220  82156 1171328    0    0    64 38032 20358 38441  5  8 75 11  0
 1  0      0 5954484  82500 1183224    0    0     0 29396 15031 27490  9  6 79  5  0
 4  0      0 5954484  82552 1183240    0    0     0 24364  908 1561  0  1 97  2  0
 4  0      0 5953484  82608 1183304    0    0     0  4024 3585 6065  2  3 93  3  0
11  0      0 5953484  82672 1183324    0    0     0  7000 1072 2032  0  1 97  2  0
11  0      0 5950388  82740 1187184    0    0     0  7636 8714 15540  9  6 83  2  0
10  1      0 5931188  82800 1190944    0    0     0 15312 19886 49890 46 28 24  1  0
11  0      0 5918432  82864 1196040    0    0     0 10492 19397 47923 45 27 27  1  0
14  0      0 5911572  82920 1199976    0    0     0  8400 20217 48625 43 31 25  1  0
 7  0      0 5903904  82984 1207840    0    0     0 14904 20627 47873 45 28 27  1  0
15  0      0 5895788  83028 1208688    0    0     0  8076 20922 54235 45 29 25  1  0
14  0      0 5887628  83076 1213404    0    0     0 12988 20619 48217 46 29 24  1  0
 9  0      0 5887892  83152 1214400    0    0     0 13880 19879 47569 42 32 25  1  0
13  0      0 5879152  83228 1219364    0    0     0 15124 19012 45120 42 32 25  2  0
11  0      0 5875324  83324 1223364    0    0     0 14644 19513 47139 46 27 25  2  0
16  0      0 5870108  83400 1226628    0    0     0 11004 20110 46844 46 29 24  2  0
15  0      0 5859728  83492 1234464    0    0     0 19628 19412 50979 42 32 24  2  0
14  0      0 5856840  83572 1241184    0    0     0 17980 20016 47488 43 31 25  2  0
15  0      0 5848364  83660 1247476    0    0     0 17260 20044 47320 43 31 25  2  0
19  0      0 5845604  83756 1255356    0    0     0 18952 20536 47929 45 30 24  1  0
procs -----------memory---------- ---swap-- -----io---- -system-- ------cpu-----
 r  b   swpd   free   buff  cache   si   so    bi    bo   in   cs us sy id wa st
 7  0      0 5834084  83812 1260556    0    0     0 15760 21281 48378 47 28 24  1  0
16  0      0 5833812  83892 1261304    0    0     0 12388 21399 48102 44 30 25  2  0
 8  0      0 5825604  83980 1266264    0    0     0 24100 21528 48608 43 32 24  1  0
14  0      0 5821352  84084 1266992    0    0     0 12864 20114 45307 44 32 23  2  0
11  0      0 5824176  84172 1271976    0    0     0 17504 19600 45435 43 31 24  2  0
12  0      0 5813244  84256 1277796    0    0     0 18464 20047 56579 44 31 24  2  0
15  0      0 5815976  84328 1278760    0    0     0 13504 20905 47202 43 32 24  2  0
10  0      0 5808348  84400 1283564    0    0     0 17428 19354 42526 45 31 23  2  0
 6  0      0 5807688  84436 1284268    0    0     0 13020 20023 45964 44 33 22  1  0
12  0      0 5799424  84500 1289072    0    0     0 16860 19742 45253 45 28 25  2  0
 8  0      0 5791820  84548 1290244    0    0     0 16044 19260 45289 43 31 23  2  0
 8  0      0 5784956  84644 1295280    0    0    16 19052 20734 49974 42 33 23  2  0
 4  1      0 5782388  84708 1307236    0    0     0 27028 20347 46461 42 34 22  2  0
 6  0      0 5771180  84852 1308524    0    0     0 15612 18738 43834 40 33 25  2  0
 6  0      0 5764224  84904 1315368    0    0     0 20736 20674 48465 42 31 25  2  0
10  0      0 5768532  85032 1317564    0    0     0 15576 19717 47119 45 29 23  2  0
 6  0      0 5763628  85104 1322332    0    0     0 18312 19860 44685 42 33 23  2  0
11  0      0 5750916  85208 1323384    0    0     0 24424 17488 41097 42 30 26  2  0
10  0      0 5753860  85292 1330740    0    0     0 15100 19894 44576 44 30 25  1  0
12  0      0 5755672  85348 1335444    0    0     0 20336 21535 49754 42 34 23  2  0
 5  0      0 5747504  85400 1336424    0    0     0 16556 21212 46907 41 31 25  2  0
procs -----------memory---------- ---swap-- -----io---- -system-- ------cpu-----
 r  b   swpd   free   buff  cache   si   so    bi    bo   in   cs us sy id wa st
 6  0      0 5745756  85520 1337920    0    0     0 15544 21173 46982 43 30 25  2  0
 7  0      0 5740596  85620 1343316    0    0     4 21632 21877 47989 43 33 23  2  0
10  0      0 5734928  85696 1348260    0    0     0 17952 20395 45105 42 30 26  2  0
 3  0      0 5736328  85788 1350244    0    0     0 15052 21277 47346 43 30 25  1  0
12  0      0 5727460  85880 1354716    0    0     0 18264 19687 44166 42 32 25  2  0
 7  0      0 5728332  85940 1359992    0    0     0 18428 19258 51179 41 34 24  2  0
 9  0      0 5727904  86048 1361772    0    0     0 15584 19435 45032 41 32 25  2  0
 9  0      0 5713928  86140 1366520    0    0     0 18376 19169 45265 41 34 23  1  0
 7  0      0 5713640  86200 1367880    0    0     0 13880 20432 46434 44 31 24  2  0
 5  0      0 5704340  86292 1372656    0    0     0 18032 21259 48168 41 32 25  2  0
 8  0      0 5704000  86356 1373556    0    0     0 13868 19874 46402 42 31 26  2  0
 6  0      0 5701176  86428 1378368    0    0     0 17960 20294 47430 43 31 24  2  0
 6  0      0 5699120  86512 1383164    0    0     0 25432 20402 50470 41 33 24  2  0
 9  0      0 5696700  86604 1384192    0    0     0 14108 21054 50512 44 31 23  2  0
11  0      0 5694352  86672 1388912    0    0     0 18088 19911 44564 42 31 24  2  0
 5  0      0 5687036  86736 1390236    0    0     0 17252 19246 43752 43 30 25  2  0
 4  0      0 5684060  86824 1394696    0    0     8 18784 19446 43842 39 34 24  2  0
11  0      0 5684492  86864 1399496    0    0     0 18600 18495 41851 45 30 23  2  0
 6  0      0 5684448  86884 1400648    0    0     0 13548 20136 46903 45 30 23  1  0
 7  0      0 5671576  86904 1405784    0    0     0 19848 19928 44731 41 31 25  2  0
 7  0      0 5666664  86928 1406400    0    0     0 15500 18685 42569 44 27 26  2  0
procs -----------memory---------- ---swap-- -----io---- -system-- ------cpu-----
 r  b   swpd   free   buff  cache   si   so    bi    bo   in   cs us sy id wa st
 7  0      0 5663884  86976 1411760    0    0     0 19840 19663 44242 45 31 22  2  0
 6  0      0 5660896  87008 1412420    0    0     0 22188 20065 44532 43 32 24  2  0
 6  0      0 5656196  87060 1417216    0    0     0 19192 20726 45676 44 31 23  2  0
 0  0      0 5658056  87084 1417952    0    0     0 14824 16721 37249 32 25 42  2  0
 6  0      0 5656556  87116 1418024    0    0     0 11392 2253 3493  1  3 92  3  0
