procs -----------memory---------- ---swap-- -----io---- -system-- ------cpu-----
 r  b   swpd   free   buff  cache   si   so    bi    bo   in   cs us sy id wa st
 3  0      0 3539984  19564 295052    0    0    15     3  205  234  4  2 94  0  0
 0  0      0 3513868  19564 295032    0    0     0     0  986 1139  1  1 98  0  0
 0  0      0 3509856  19564 295032    0    0     0     0  159  293  0  0 100  0  0
 0  0      0 3509384  19564 295032    0    0     0     0  114  257  0  0 100  0  0
 0  0      0 3510508  19564 295032    0    0     0     0   85   43  0  0 100  0  0
 0  0      0 3510928  19576 295032    0    0     0   988  245  377  0  1 99  0  0
 0  0      0 3508640  19576 295032    0    0     0     8 1819 2152  0  1 98  0  0
 0  0      0 3506396  19576 295032    0    0     0     0  152  279  0  0 100  0  0
 1  0      0 3505672  19576 295032    0    0     0     0 1145 1238  0  0 99  0  0
 0  0      0 3504996  19576 295032    0    0     0     0  177  278  0  0 100  0  0
 0  0      0 3504772  19584 295032    0    0     0    52  306  379  0  0 99  0  0
 1  0      0 3474072  19584 295032    0    0     0     8 5535 6888 17  7 77  0  0
 1  0      0 3458652  19584 295036    0    0     0     0 6899 7453 30  9 61  0  0
 1  0      0 3454036  19584 295036    0    0     0     0 7043 7638 28 10 62  0  0
 1  0      0 3449572  19584 295036    0    0     0     0 7682 8539 29  9 62  0  0
 1  0      0 3449688  19584 295036    0    0     0    20 7782 8921 29  9 62  0  0
 1  0      0 3445928  19592 295040    0    0     0    24 7394 8577 29  9 62  0  0
 1  0      0 3444604  19592 295040    0    0     0     4 7230 8476 31  8 61  0  0
 1  0      0 3441620  19592 295040    0    0     0     0 7435 8450 30  8 63  0  0
 2  0      0 3439784  19592 295072    0    0     0     0 7033 8429 30  8 62  0  0
 2  0      0 3440716  19592 295072    0    0     0     0 5850 6623 30  8 62  0  0
procs -----------memory---------- ---swap-- -----io---- -system-- ------cpu-----
 r  b   swpd   free   buff  cache   si   so    bi    bo   in   cs us sy id wa st
 3  0      0 3440744  19600 295096    0    0     0    32 7346 8673 31  7 62  0  0
 1  0      0 3438096  19600 295116    0    0     0     0 7654 8450 28  9 62  0  0
 2  0      0 3435536  19600 295120    0    0     0     4 7701 9092 29  9 61  0  0
 1  0      0 3435424  19600 295152    0    0     0     0 6611 7793 30  8 63  0  0
 1  0      0 3435276  19600 295156    0    0     0     0 6925 8110 30  7 63  0  0
 1  0      0 3435160  19608 295164    0    0     0    24 6947 8182 30  8 63  0  0
 1  0      0 3436616  19608 295172    0    0     0    16 7910 9463 30 10 60  0  0
 2  0      0 3432212  19608 295172    0    0     0     0 8301 9494 30  9 61  0  0
 2  0      0 3433432  19608 295176    0    0     0     4 7952 9214 31  8 61  0  0
 5  0      0 3432056  19608 295176    0    0     0     0 5769 6296 28  8 65  0  0
 2  0      0 3431272  19608 295180    0    0     0     0 7248 8326 30  9 61  0  0
 1  0      0 3431868  19616 295184    0    0     0    32 7445 8359 30  9 61  0  0
 2  0      0 3429248  19616 295184    0    0     0     8 6385 7402 30  8 62  0  0
 1  0      0 3429364  19616 295188    0    0     0     0 8037 9020 26 10 64  0  0
 1  0      0 3431180  19616 295188    0    0     0     4 6483 7587 31 10 59  0  0
 1  0      0 3428456  19616 295188    0    0     0     0 6860 8131 30  7 63  0  0
 1  0      0 3429156  19624 295192    0    0     0    28 7084 8132 29  8 63  0  0
 3  0      0 3428060  19624 295196    0    0     0    12 6748 7548 30  9 61  0  0
 1  0      0 3427096  19624 295196    0    0     0     0 7056 8239 30  8 62  0  0
 1  0      0 3425880  19624 295200    0    0     0     0 5989 6614 28  9 63  0  0
 2  0      0 3424748  19624 295220    0    0     0     4 7264 8264 30  8 62  0  0
procs -----------memory---------- ---swap-- -----io---- -system-- ------cpu-----
 r  b   swpd   free   buff  cache   si   so    bi    bo   in   cs us sy id wa st
 2  0      0 3425020  19632 295224    0    0     0    28 7361 8475 30  7 64  0  0
 1  0      0 3423896  19632 295260    0    0     0     0 6940 8150 27 11 62  0  0
 1  0      0 3421292  19632 295268    0    0     0    12 7528 8752 28  9 63  0  0
 2  0      0 3419784  19632 295268    0    0     0     0 5896 6942 30  8 62  0  0
 1  0      0 3421660  19632 295268    0    0     0     0 7363 8545 31  9 61  0  0
 1  0      0 3421096  19640 295272    0    0     0    48 7066 8513 31  7 62  0  0
 1  0      0 3422036  19640 295272    0    0     0     0 7260 8278 30  7 62  0  0
 2  0      0 3420768  19640 295276    0    0     0     8 7216 8617 30  8 62  0  0
 3  0      0 3421092  19640 295276    0    0     0     0 7557 9018 32  8 60  0  0
 2  0      0 3420596  19640 295244    0    0     0     0 7415 8646 31  8 61  0  0
 1  0      0 3422700  19648 295244    0    0     0    24 7357 8429 29  9 62  0  0
 2  0      0 3419668  19648 295248    0    0     0     4 7535 8647 30  9 61  0  0
 2  0      0 3424476  19648 295248    0    0     0    12 5380 6158 29  6 64  0  0
 2  0      0 3419820  19648 295248    0    0     0     0 7053 8007 28  8 64  0  0
 4  0      0 3421704  19648 295256    0    0     0     0 7526 8876 31  9 60  0  0
 1  0      0 3418940  19656 295260    0    0     0    28 7260 8803 31  8 61  0  0
 1  0      0 3419480  19656 295276    0    0     0     0 7011 8422 32  7 61  0  0
 1  0      0 3421500  19656 295276    0    0     0    12 7280 8626 31  7 62  0  0
 4  0      0 3422260  19656 295296    0    0     0     0 6746 8202 30  9 61  0  0
 1  0      0 3421880  19656 295312    0    0     0     0 7249 8351 32  7 61  0  0
 2  0      0 3419808  19656 295328    0    0     0     4 7814 9186 32  9 59  0  0
procs -----------memory---------- ---swap-- -----io---- -system-- ------cpu-----
 r  b   swpd   free   buff  cache   si   so    bi    bo   in   cs us sy id wa st
 2  0      0 3421812  19664 295328    0    0     0    24 5344 6128 29  7 64  0  0
 4  0      0 3423092  19664 295328    0    0     0     8 6126 7244 30  8 62  0  0
 2  0      0 3421544  19664 295332    0    0     0     4 6699 7356 29  8 63  0  0
 1  0      0 3422728  19664 295320    0    0     0     0 7294 8667 28 11 61  0  0
 1  0      0 3423628  19664 295320    0    0     0     0 7388 8550 30  6 64  0  0
 2  0      0 3421788  19672 295320    0    0     0    36 6711 7989 29  8 62  0  0
 2  0      0 3419572  19672 295316    0    0     0     0 7261 8362 29  8 64  0  0
 2  0      0 3420452  19672 295316    0    0     0    12 6291 7368 30  8 61  0  0
 0  0      0 3542080  19672 295292    0    0     0     8 17949 32724 30 11 59  0  0
