procs -----------memory---------- ---swap-- -----io---- -system-- ------cpu-----
 r  b   swpd   free   buff  cache   si   so    bi    bo   in   cs us sy id wa st
 1  0      0 1383864 244704 5342600    0    0    35  1104 1011  348 11  7 80  2  0
 0  1      0 1469288 244704 5265616    0    0     0 14624 11708 21862  2  7 77 14  0
 0  1      0 1467536 244704 5265976    0    0     0 22440 16226 30863  1  7 73 20  0
 1  0      0 1467536 244704 5266296    0    0     0 15148 14295 26678  1  5 76 19  0
 0  1      0 1467060 244704 5266664    0    0     0 19228 16947 32725  1  6 74 19  0
 0  2      0 1455580 244704 5290136    0    0     0 48012 14506 27076  5  5 70 20  0
 2  0      0 1434944 244704 5302024    0    0     0 24284 28619 53295 10 11 71  8  0
 1  0      0 1435268 244704 5302192    0    0     0  3372 1230 2121  0  1 98  1  0
 1  0      0 1431992 244704 5302192    0    0     0  2636  641 1190  0  2 96  1  0
 1  0      0 1431740 244704 5302580    0    0     0  8960 7516 13281  2  3 93  2  0
 1  0      0 1429732 244704 5302584    0    0     0  1776  600 1073  0  2 97  1  0
 9  0      0 1426724 244704 5303108    0    0     0  5372 11093 24105 11  9 75  5  0
16  0      0 1422008 244704 5310508    0    0     0 23752 13699 58484 38 36 19  8  0
10  0      0 1407572 244704 5314120    0    0     0 13796 14234 61855 38 40 16  6  0
17  1      0 1396816 244704 5319104    0    0     0 13244 12800 59698 35 42 17  6  0
19  1      0 1394192 244704 5322856    0    0     0 15292 13798 68394 42 36 17  5  0
16  1      0 1399392 244704 5325436    0    0     0 21032 12974 69360 41 40 16  4  0
 8  0      0 1382232 244704 5328168    0    0     0 12208 12826 73903 43 39 14  4  0
10  2      0 1386920 244704 5332464    0    0     0 14992 13046 68432 43 36 15  7  0
18  0      0 1380920 244704 5336024    0    0     0 12972 11909 69973 45 36 14  5  0
19  1      0 1374488 244704 5338384    0    0     0 10484 11344 70949 40 40 13  6  0
procs -----------memory---------- ---swap-- -----io---- -system-- ------cpu-----
 r  b   swpd   free   buff  cache   si   so    bi    bo   in   cs us sy id wa st
14  1      0 1371704 244704 5340928    0    0     0 30080 11200 65389 39 42 12  7  0
11  1      0 1367192 244704 5345732    0    0     0 13592 11228 78385 38 46 12  5  0
17  1      0 1357968 244716 5350056    0    0     0 13308 12167 82975 47 38 12  4  0
 7  1      0 1362196 244716 5352352    0    0     0 10944 11308 76696 43 41 11  5  0
14  0      0 1353776 244716 5353392    0    0     0 13916 11171 79706 40 41 12  6  0
13  1      0 1353860 244716 5356680    0    0     0 11712 9752 92980 39 45 12  4  0
 9  0      0 1344244 244716 5359456    0    0     0 12612 12955 80281 44 41 11  4  0
23  0      0 1347112 244716 5360560    0    0     0 11584 12901 79764 44 41 11  4  0
15  2      0 1341868 244716 5362368    0    0     0 12532 12257 88416 46 40 10  4  0
13  0      0 1343784 244720 5365248    0    0     0 22240 10091 57855 41 39 12  8  0
10  1      0 1340728 244720 5368124    0    0     0 12060 12652 75718 44 41 11  4  0
18  1      0 1336960 244720 5371180    0    0     0 12488 12194 72340 43 41 11  5  0
13  1      0 1330524 244720 5372612    0    0     0 10236 10408 68326 42 40 12  6  0
16  0      0 1341236 244720 5374576    0    0     0 11732 12157 83521 44 40 13  4  0
17  1      0 1331732 244720 5378660    0    0     0 12956 9984 70467 43 40 13  4  0
16  1      0 1313048 244720 5383124    0    0     0 12800 10954 80620 44 42 10  3  0
19  0      0 1336816 244720 5361764    0    0     0 31020 11082 74403 42 39 15  4  0
15  1      0 1331908 244724 5364348    0    0     0 11392 11403 80781 45 39 12  5  0
14  0      0 1334320 244724 5367936    0    0     0 11648 11537 75255 42 43 11  5  0
13  1      0 1340392 244724 5369504    0    0     0 10260 11193 72409 45 41 12  3  0
15  1      0 1334796 244724 5371816    0    0     0 15724 13470 61932 42 38 15  5  0
procs -----------memory---------- ---swap-- -----io---- -system-- ------cpu-----
 r  b   swpd   free   buff  cache   si   so    bi    bo   in   cs us sy id wa st
16  1      0 1322760 244724 5373696    0    0     0 14268 11519 86336 45 40 11  4  0
14  1      0 1327056 244724 5375476    0    0     0 11784 11044 86678 43 40 12  5  0
13  1      0 1329724 244724 5377272    0    0     0 10396 10140 76464 43 39 11  7  0
10  0      0 1322956 244724 5378952    0    0     0 10276 10818 88068 40 41 12  6  0
18  1      0 1318172 244728 5381416    0    0     0 15036 10698 78620 41 43 12  3  0
12  1      0 1319176 244728 5384168    0    0     0 12476 11509 81658 45 36 13  6  0
17  0      0 1319288 244728 5386140    0    0     0 11224 12097 93744 40 41 12  6  0
11  0      0 1314016 244728 5389284    0    0     0 13048 12338 78286 40 39 14  7  0
 9  3      0 1298496 244728 5392640    0    0     0 12740 11433 79002 45 39 12  5  0
15  1      0 1304768 244728 5400984    0    0     0 15048 11983 88416 42 42 12  4  0
 9  1      0 1299160 244728 5402428    0    0     0 23032 12260 104843 44 38 13  5  0
19  0      0 1293072 244728 5410968    0    0     0 18676 12496 86369 42 43 11  3  0
20  0      0 1294040 244728 5412000    0    0     0  8132 9005 64568 41 41 12  6  0
13  0      0 1288912 244728 5412896    0    0     0 10084 10728 73442 42 42 11  5  0
18  1      0 1284084 244728 5414504    0    0     0 11696 12521 70089 41 40 15  5  0
10  1      0 1279316 244732 5419744    0    0     0 15876 11452 89193 44 41 10  5  0
10  1      0 1282448 244732 5421608    0    0     0 11548 11617 80798 43 39 13  5  0
11  2      0 1279156 244732 5422964    0    0     0 10656 12090 87783 43 41 12  4  0
11  1      0 1276460 244732 5423904    0    0     0  9884 9952 79554 43 39 13  6  0
15  1      0 1277124 244732 5425816    0    0     0 15068 11422 94702 45 38 13  4  0
14  0      0 1271744 244732 5428076    0    0     0 11760 11887 74182 45 38 13  4  0
procs -----------memory---------- ---swap-- -----io---- -system-- ------cpu-----
 r  b   swpd   free   buff  cache   si   so    bi    bo   in   cs us sy id wa st
15  0      0 1272748 244732 5433888    0    0     0 15012 9933 75363 43 38 13  7  0
17  0      0 1262688 244732 5435288    0    0     0  8652 8632 64004 41 43 11  5  0
21  1      0 1263480 244732 5436948    0    0     0 10956 10610 69261 38 43 14  6  0
14  1      0 1255324 244732 5446164    0    0     0 19260 10560 83812 42 39 12  6  0
11  0      0 1246148 244732 5448732    0    0     0 15016 11752 79599 41 40 13  5  0
15  4      0 1246984 244732 5451508    0    0     0 11708 10912 100186 42 42 11  5  0
11  1      0 1249080 244732 5453504    0    0     0 11848 11661 91010 43 41 12  4  0
16  1      0 1248148 244732 5454824    0    0     0 10196 11166 79117 39 40 16  5  0
 0  0      0 1248824 244732 5456212    0    0     0 22824 8670 56730 29 29 36  5  0
 0  0      0 1248536 244732 5456128    0    0     0  3244  960 1662  1  1 97  1  0
