procs -----------memory---------- ---swap-- -----io---- -system-- ------cpu-----
 r  b   swpd   free   buff  cache   si   so    bi    bo   in   cs us sy id wa st
 3  0      0 3534412  21328 296388    0    0    12     3  341  405  6  2 92  0  0
 0  0      0 3510856  21328 296460    0    0     0     0  928 1494  1  0 99  0  0
 0  0      0 3507104  21328 296456    0    0     0     0  174  289  0  0 99  0  0
 0  0      0 3507104  21328 296456    0    0     0     0   28   30  0  0 100  0  0
 0  0      0 3506364  21340 296456    0    0     0  1048  254  413  0  0 99  0  0
 0  0      0 3504712  21340 296456    0    0     0    12 1710 1982  1  0 99  0  0
 0  0      0 3502956  21340 296456    0    0     0     0  167  268  0  1 99  0  0
 0  0      0 3499904  21340 296456    0    0     0     0 1189 1548  0  0 99  0  0
 0  0      0 3499960  21340 296456    0    0     0    24   57   41  0  0 100  0  0
 0  0      0 3500720  21348 296456    0    0     0    52 1081 1513  0  1 99  0  0
 1  0      0 3462292  21348 296460    0    0     0     4 11002 13077 26  9 65  0  0
 1  0      0 3454152  21348 296460    0    0     0     0 11242 13069 32  9 60  0  0
 1  0      0 3444192  21348 296480    0    0     0     0 11510 13368 33  9 59  0  0
 1  0      0 3440020  21348 296500    0    0     0     0 10938 13119 33  9 58  0  0
 1  0      0 3433092  21348 296536    0    0     0    40 11224 13310 33 10 58  0  0
 1  0      0 3430372  21356 296556    0    0     0    36 11753 13837 33  8 59  0  0
 2  0      0 3425568  21356 296560    0    0     0     4 11918 13437 30  9 61  0  0
 1  0      0 3424500  21356 296580    0    0     0     0 12179 14688 33  9 58  0  0
 1  0      0 3423044  21356 296596    0    0     0     0 12070 15064 29  9 62  0  0
 4  0      0 3421176  21356 296584    0    0     0     0 13785 17206 33  9 58  0  0
 2  0      0 3420716  21364 296524    0    0     0    48 14189 17565 32  9 59  1  0
procs -----------memory---------- ---swap-- -----io---- -system-- ------cpu-----
 r  b   swpd   free   buff  cache   si   so    bi    bo   in   cs us sy id wa st
 1  0      0 3417588  21364 296528    0    0     0     0 14639 18073 32 10 58  0  0
 1  0      0 3416036  21364 296532    0    0     0     4 14443 18371 32 11 58  0  0
 2  0      0 3413532  21364 296548    0    0     0     0 12821 16076 32 10 58  0  0
 4  0      0 3411380  21364 296600    0    0     0     0 12659 14963 32  9 59  0  0
 1  0      0 3409292  21372 296604    0    0     0    48 11924 14236 32  8 60  0  0
 2  0      0 3406732  21372 296624    0    0     0     0 12131 14580 34  7 59  0  0
 3  0      0 3404044  21380 296660    0    0     0    36 12071 14715 34  8 58  0  0
 1  0      0 3403804  21380 296696    0    0     0     4 11645 14128 33  9 59  0  0
 2  0      0 3401404  21380 296700    0    0     0     0 11968 14840 34  9 57  0  0
 1  0      0 3396548  21380 296704    0    0     0    44 12560 15146 33  9 58  0  0
 2  0      0 3397552  21380 296708    0    0     0     0 12517 14789 32  8 59  0  0
 3  0      0 3394472  21388 296712    0    0     0    28 12678 15065 32  9 59  0  0
 1  0      0 3392132  21388 296716    0    0     0     0 12784 15286 32 10 58  0  0
 1  0      0 3392344  21388 296768    0    0     0     4 9962 12030 29  9 62  0  0
 1  0      0 3391124  21388 296788    0    0     0    24 12121 14658 33  8 60  0  0
 1  0      0 3390296  21388 296788    0    0     0     0 12152 15785 29  9 62  0  0
 2  0      0 3390556  21396 296808    0    0     0    28 12890 15932 33  9 58  0  0
 1  0      0 3390308  21396 296812    0    0     0     0 11932 14953 30  8 62  0  0
 1  0      0 3390940  21396 296812    0    0     0     0 12073 14822 33 10 57  0  0
 1  0      0 3389740  21396 296816    0    0     0     4 12427 14897 32  9 59  0  0
 1  0      0 3389544  21396 296820    0    0     0    20 11833 14298 35  9 56  0  0
procs -----------memory---------- ---swap-- -----io---- -system-- ------cpu-----
 r  b   swpd   free   buff  cache   si   so    bi    bo   in   cs us sy id wa st
 3  0      0 3390176  21404 296808    0    0     0    36 12406 14714 35  8 57  0  0
 1  0      0 3388168  21404 296812    0    0     0     0 11633 13575 32 10 58  0  0
 4  0      0 3389052  21404 296820    0    0     0     0 12667 14953 32  9 59  0  0
 1  0      0 3388988  21404 296828    0    0     0     0 12509 14984 32  8 59  0  0
 2  0      0 3389016  21404 296880    0    0     0    28 13532 16614 33  9 58  0  0
 1  0      0 3386440  21412 296884    0    0     0    28 12858 15466 33 10 57  0  0
 1  0      0 3386396  21412 296888    0    0     0     0 12885 15311 34  7 60  0  0
 1  0      0 3383448  21412 296880    0    0     0     0 13403 16263 35  8 56  0  0
 3  0      0 3384144  21412 296888    0    0     0     0 13607 16493 32  9 58  0  0
 3  0      0 3383528  21412 296896    0    0     0    20 13601 16219 32 10 58  0  0
 2  0      0 3384104  21420 296900    0    0     0    32 13259 16201 34  9 57  0  0
 1  0      0 3385116  21420 296904    0    0     0     0 12516 15414 34 10 56  0  0
 2  0      0 3384120  21420 296908    0    0     0     0 12149 14525 34  8 58  0  0
 4  0      0 3382928  21420 296912    0    0     0     0 10793 13108 33 10 57  0  0
 1  0      0 3383872  21420 296916    0    0     0    20 13160 15788 34  9 57  0  0
 2  0      0 3383336  21428 296908    0    0     0    24 13296 16664 33  9 57  0  0
 1  0      0 3383868  21428 296840    0    0     0     4 11111 14274 30  6 64  0  0
 1  0      0 3383972  21428 296828    0    0     0     0 12322 14812 31 10 59  0  0
 1  0      0 3383112  21428 296828    0    0     0     0 13113 15457 31 10 59  0  0
 1  0      0 3383504  21428 296832    0    0     0    20 12283 14986 31  9 60  0  0
 1  0      0 3383032  21436 296836    0    0     0    24 11837 14118 33  8 59  0  0
procs -----------memory---------- ---swap-- -----io---- -system-- ------cpu-----
 r  b   swpd   free   buff  cache   si   so    bi    bo   in   cs us sy id wa st
 1  0      0 3382292  21436 296840    0    0     0     0 11488 14035 33  9 58  0  0
 1  0      0 3383276  21436 296876    0    0     0     4 12334 14740 31  9 60  0  0
 3  0      0 3382864  21436 296928    0    0     0     0 13042 15745 34  8 58  0  0
 1  0      0 3383700  21436 296916    0    0     0    20 12641 14631 31  9 60  0  0
 1  0      0 3386072  21444 296916    0    0     0    36 12257 14823 37  8 55  0  0
 2  0      0 3385492  21444 296924    0    0     0     0 11265 13623 34  8 58  0  0
 1  0      0 3381700  21444 296932    0    0     0     0 12350 14710 32  9 58  0  0
 3  0      0 3383356  21444 296940    0    0     0     4 39439 90017 54 15 30  0  0
 0  0      0 3534020  21460 296840    0    0     0   120 3286 5829  6  3 90  0  0
