procs -----------memory---------- ---swap-- -----io---- -system-- ------cpu-----
 r  b   swpd   free   buff  cache   si   so    bi    bo   in   cs us sy id wa st
 2  0      0 741896 244804 5860800    0    0    26  1300 1105 2014 12  9 77  2  0
 0  1      0 866936 244804 5732856    0    0     0 18528 13953 26701  2  6 75 17  0
 0  1      0 862428 244804 5733268    0    0     0 19148 17041 32920  1  5 76 19  0
 2  1      0 862428 244804 5733740    0    0     0 18752 16915 32430  1  5 75 19  0
 0  2      0 867304 244804 5746276    0    0     0 36980 16117 30755  3  5 73 19  0
 0  0      0 827376 244804 5769152    0    0     0 45752 21581 39617  9  8 68 15  0
 1  0      0 826440 244804 5769272    0    0     0  3512 5492 10148  2  2 95  1  0
 0  0      0 826440 244804 5769276    0    0     0  3308  611 1058  0  0 99  1  0
 0  0      0 826188 244804 5769472    0    0     0  8808 5431 9698  2  3 92  3  0
 0  0      0 826188 244804 5769472    0    0     0  2992  574 1003  0  1 98  1  0
 8  1      0 823924 244804 5775000    0    0     0 15312 12759 33759 14 14 68  4  0
12  1      0 803164 244804 5782464    0    0     0 24148 18275 73709 41 36 17  6  0
15  1      0 797612 244804 5789440    0    0     0 22280 17583 80958 39 41 15  5  0
 9  1      0 793012 244804 5796832    0    0     0 23412 17416 78842 42 39 15  4  0
 9  1      0 779744 244804 5802564    0    0     0 20644 15879 73357 43 38 14  5  0
 6  1      0 767172 244804 5810752    0    0     0 49844 17397 91350 40 40 14  6  0
12  1      0 794276 244804 5785792    0    0     0 28752 18888 79916 38 40 17  6  0
16  0      0 775148 244804 5798280    0    0     0 25724 16845 78029 45 39 11  5  0
 5  2      0 777400 244804 5801616    0    0     0 13212 19327 101229 37 33 16 14  0
10  2      0 771500 244804 5805936    0    0     0 15364 17456 108444 45 35 12  8  0
15  0      0 764464 244804 5809128    0    0     0 16812 18231 121363 42 42 10  5  0
procs -----------memory---------- ---swap-- -----io---- -system-- ------cpu-----
 r  b   swpd   free   buff  cache   si   so    bi    bo   in   cs us sy id wa st
16  3      0 761544 244804 5811748    0    0     0 16576 18070 120776 46 38 11  4  0
10  1      0 754072 244804 5820316    0    0     0 21480 16964 124381 46 38 11  5  0
 5  1      0 751232 244804 5822976    0    0     0 14400 16950 129104 48 37 10  5  0
11  1      0 747468 244804 5825352    0    0     0 18400 15983 103804 48 38  9  4  0
15  0      0 742064 244804 5827904    0    0     0 18828 16553 91521 41 41 13  4  0
 9  1      0 735816 244804 5830056    0    0     0 29812 17410 82490 42 39 14  5  0
19  0      0 739072 244804 5832648    0    0     0 19004 16644 92889 42 41 13  4  0
14  1      0 728544 244804 5841632    0    0     0 23836 15853 93672 47 39  9  5  0
16  0      0 720504 244804 5846156    0    0     0 18824 14774 97809 46 43  6  4  0
 9  1      0 713200 244804 5850740    0    0     0 19552 16184 101863 48 39  9  4  0
12  3      0 708816 244804 5855104    0    0     0 33596 18271 76053 43 38 14  5  0
14  0      0 706908 244804 5860884    0    0     0 20028 17161 92534 40 45 10  4  0
16  1      0 697780 244804 5868656    0    0     0 24500 16648 87273 43 40 12  5  0
11  1      0 692296 244804 5872904    0    0     0 20856 16656 86218 42 41 12  5  0
17  0      0 686360 244804 5882848    0    0     0 22928 13116 66820 40 40 13  6  0
 6  1      0 678356 244804 5887008    0    0     0 16860 17704 92854 42 37 15  7  0
16  2      0 668112 244804 5893488    0    0     0 17636 16699 113981 44 34 15  7  0
 0  1      0 666776 244804 5895632    0    0     0 11100 16889 111934 43 35 14  8  0
10  1      0 668088 244804 5896984    0    0     0 11652 17277 105289 42 34 15  9  0
 7  0      0 661408 244804 5906464    0    0     0 24456 16815 95010 40 42 13  4  0
12  2      0 658956 244804 5908488    0    0     0 29916 16260 88446 40 41 14  5  0
procs -----------memory---------- ---swap-- -----io---- -system-- ------cpu-----
 r  b   swpd   free   buff  cache   si   so    bi    bo   in   cs us sy id wa st
 8  1      0 648168 244804 5911024    0    0     0 17284 16250 89771 44 38 13  5  0
 9  0      0 641060 244804 5917488    0    0     0 20868 15503 89500 43 41 11  5  0
23  0      0 646388 244804 5920924    0    0     0 19728 15744 88391 42 41 11  5  0
18  0      0 632876 244804 5924604    0    0     0 19888 16586 90668 42 40 12  5  0
16  1      0 627184 244804 5930936    0    0     0 42224 16499 96956 41 40 14  5  0
14  1      0 621740 244804 5938916    0    0     0 24296 16930 95956 42 42 11  6  0
15  1      0 618432 244804 5942900    0    0     0 19236 16002 83550 47 37 11  5  0
10  2      0 612660 244804 5950020    0    0     0 22848 16648 93920 41 42 13  4  0
12  1      0 604788 244804 5953072    0    0     0 19912 17196 97689 48 39 10  3  0
12  1      0 601840 244804 5955276    0    0     0 19276 17396 98132 44 37 14  4  0
15  1      0 603208 244804 5961912    0    0     0 23052 16731 100039 44 40 12  4  0
15  1      0 594740 244804 5964220    0    0     0 18068 17637 94107 42 41 13  4  0
12  0      0 597876 244804 5966372    0    0     0 17600 16549 89260 45 40 11  4  0
18  1      0 590916 244804 5969276    0    0     0 19932 17448 79576 41 41 12  5  0
12  1      0 585816 244804 5975060    0    0     0 20212 13546 75906 46 41  9  4  0
16  1      0 577528 244808 5977536    0    0     0 23312 17931 92948 43 39 12  6  0
 2  6      0 578824 244808 5979008    0    0     0  8800 16273 119504 42 33  8 17  0
10  0      0 574788 244808 5981764    0    0     0 17300 15179 100912 45 36 11  8  0
18  0      0 572812 244808 5984764    0    0     0 19636 16740 95458 44 40 12  4  0
10  0      0 575616 244808 5988012    0    0     0 43612 16284 97020 41 43 10  5  0
10  0      0 568996 244808 5991060    0    0     0 21036 16694 80919 41 36 17  6  0
procs -----------memory---------- ---swap-- -----io---- -system-- ------cpu-----
 r  b   swpd   free   buff  cache   si   so    bi    bo   in   cs us sy id wa st
18  1      0 559048 244808 5998084    0    0     0 22624 15249 89955 48 36 13  4  0
13  1      0 558136 244808 6005432    0    0     0 22352 15161 92978 46 38 10  5  0
11  1      0 554500 244808 6008852    0    0     0 19896 16570 94349 42 41 12  4  0
22  0      0 546040 244808 6011948    0    0     0 19260 17224 84628 44 41 12  3  0
11  3      0 538776 244808 6018576    0    0     0 29952 17388 94779 43 38 14  4  0
10  1      0 535916 244808 6020800    0    0     0 17716 15881 82214 41 41 13  5  0
14  1      0 533036 244808 6023348    0    0     0 17748 15339 95755 45 37 13  5  0
 2  0      0 535304 244808 6024816    0    0     0 14088 11177 57363 28 26 42  4  0
 2  0      0 535556 244808 6024852    0    0     0  4972 1523 2183  0  1 96  2  0
 5  0      0 534352 244808 6024628    0    0     0  4432 1977 3637  1  2 96  1  0
