procs -----------memory---------- ---swap-- -----io---- -system-- ------cpu-----
 r  b   swpd   free   buff  cache   si   so    bi    bo   in   cs us sy id wa st
 1  0      0 3527656  25148 298528    0    0     3     1  203  253  3  1 96  0  0
 0  0      0 3500800  25148 298468    0    0     0     0  901 1438  1  1 98  0  0
 0  0      0 3500212  25148 298468    0    0     0     0 1827 2391  1  1 98  0  0
 0  0      0 3500212  25148 298468    0    0     0     0   38   36  0  0 100  0  0
 0  0      0 3497188  25148 298468    0    0     0     0 1145 1521  0  1 99  0  0
 0  0      0 3493948  25156 298468    0    0     0   980  205  389  0  0 98  1  0
 1  0      0 3475580  25156 298468    0    0     0     8 2448 3480  1  1 98  0  0
 2  0      0 3442576  25156 298332    0    0     0     0 12257 13918 34 12 54  0  0
 1  0      0 3433668  25156 298336    0    0     0     0 13166 14949 39  9 52  0  0
 3  0      0 3423104  25156 298344    0    0     0     0 14050 15871 38 10 52  0  0
 3  0      0 3412932  25164 298404    0    0     0    88 13881 15724 39 10 51  0  0
 1  0      0 3401604  25164 298460    0    0     0    52 12900 14875 38 10 51  0  0
 1  0      0 3396640  25164 298484    0    0     0     0 12945 14538 36 11 53  0  0
 2  0      0 3388792  25164 298520    0    0     0     0 12557 14468 39 10 50  0  0
 2  0      0 3385868  25164 298544    0    0     0     0 12510 13958 37 10 53  0  0
 5  0      0 3377628  25172 298584    0    0     0    20 13073 14728 39 10 51  0  0
 3  0      0 3377992  25172 298624    0    0     0     0 13073 14654 36 11 53  0  0
 3  0      0 3373776  25172 298664    0    0     0    48 12629 14126 39 10 51  0  0
 1  0      0 3368336  25172 298700    0    0     0     0 12367 13688 40 10 51  0  0
12  0      0 3364344  25172 298736    0    0     0     0 12360 13984 39  9 53  0  0
 2  0      0 3361148  25180 298780    0    0     0    20 12252 13612 36  9 55  0  0
procs -----------memory---------- ---swap-- -----io---- -system-- ------cpu-----
 r  b   swpd   free   buff  cache   si   so    bi    bo   in   cs us sy id wa st
 1  0      0 3357748  25180 298788    0    0     0     0 12927 14493 39  9 52  0  0
 1  0      0 3350520  25180 298808    0    0     0    40 12192 13839 39 11 49  0  0
 1  0      0 3346632  25180 298864    0    0     0     4 12509 14264 39 10 51  0  0
 1  0      0 3343832  25180 298888    0    0     0     0 12212 14263 37  9 54  0  0
 2  0      0 3343056  25188 298892    0    0     0    20 13334 14906 40  8 52  0  0
 1  0      0 3336044  25188 298928    0    0     0     0 13419 14712 39 11 50  0  0
 4  0      0 3334196  25188 298952    0    0     0    40 13348 14697 39 10 51  0  0
 3  0      0 3329652  25188 298960    0    0     0     0 13272 14920 43  9 48  0  0
 1  0      0 3326052  25188 299000    0    0     0     4 13632 15244 40  9 51  0  0
 1  0      0 3323200  25200 299020    0    0     0    28 13559 15421 39 11 49  0  0
 2  0      0 3321220  25200 299112    0    0     0    12 13396 14915 40 10 50  0  0
 3  0      0 3316896  25200 299160    0    0     0    72 12708 14604 37 11 52  0  0
 4  0      0 3311148  25200 299224    0    0     0     0 12379 14022 40 10 50  0  0
 2  0      0 3309916  25200 299260    0    0     0     0 12924 14603 38 11 51  0  0
 3  0      0 3308972  25212 299348    0    0     0    44 12193 13797 40 10 50  0  0
 1  0      0 3308836  25212 299384    0    0     0     0 12749 14575 41 10 49  0  0
 4  0      0 3307300  25212 299448    0    0     0   160 13053 14615 39 10 52  0  0
 1  0      0 3302748  25212 299508    0    0     0     0 12520 14277 40 10 50  0  0
 3  0      0 3302092  25212 299564    0    0     0     0 13801 15578 39 11 49  0  0
 1  0      0 3297128  25224 299668    0    0     0    28 13699 15406 40 10 50  0  0
 3  0      0 3294740  25224 299768    0    0     0     4 14166 15797 40 11 49  0  0
procs -----------memory---------- ---swap-- -----io---- -system-- ------cpu-----
 r  b   swpd   free   buff  cache   si   so    bi    bo   in   cs us sy id wa st
 4  0      0 3290632  25224 299816    0    0     0     0 13815 15507 41 11 49  0  0
 1  0      0 3290112  25224 299896    0    0     0     0 14059 15929 41 10 48  0  0
 3  0      0 3287564  25224 299936    0    0     0     0 13331 14665 43  9 48  0  0
 3  0      0 3287144  25232 299980    0    0     0    12 12479 14062 37 10 52  0  0
 1  0      0 3287920  25232 300012    0    0     0    28 12995 14962 39 11 51  0  0
 3  0      0 3286036  25232 300080    0    0     0     8 12620 14237 41 11 48  0  0
 1  0      0 3282940  25232 300148    0    0     0     0 12308 14124 39 11 50  0  0
 1  0      0 3280888  25232 300228    0    0     0     0 13826 15865 40 10 50  0  0
 2  0      0 3277200  25240 300284    0    0     0    20 12170 14170 42  9 49  0  0
 1  0      0 3274540  25240 300324    0    0     0     0 12066 13301 40 11 49  0  0
 2  0      0 3273884  25240 300400    0    0     0     0 13002 14685 39 11 50  0  0
 1  0      0 3272684  25240 300444    0    0     0     4 14245 15839 41  9 50  0  0
 4  0      0 3270736  25240 300512    0    0     0     0 14785 16443 41 11 48  0  0
 2  0      0 3270712  25248 300556    0    0     0    12 13368 15171 40  9 51  0  0
 3  0      0 3270076  25248 300620    0    0     0     0 12486 14395 40 10 50  0  0
 1  0      0 3269508  25248 300664    0    0     0     0 12344 13933 40 11 49  0  0
 3  0      0 3269628  25248 300748    0    0     0     0 12238 14304 39 10 51  0  0
 1  0      0 3268952  25248 300788    0    0     0     4 13673 15596 41 10 49  0  0
 4  0      0 3264636  25256 300832    0    0     0    12 12321 14116 42 10 48  0  0
 1  0      0 3264728  25256 300900    0    0     0     0 12523 13830 41 11 48  0  0
 2  0      0 3264052  25256 300924    0    0     0     0 12523 14030 40 10 50  0  0
procs -----------memory---------- ---swap-- -----io---- -system-- ------cpu-----
 r  b   swpd   free   buff  cache   si   so    bi    bo   in   cs us sy id wa st
 4  0      0 3263984  25256 300952    0    0     0     0 12994 14115 40 11 50  0  0
 1  0      0 3266368  25256 300960    0    0     0     0 13860 14741 40 11 49  0  0
 4  0      0 3266640  25264 300968    0    0     0    16 13356 14578 41 10 49  0  0
 3  0      0 3272664  25264 300992    0    0     0     0 14457 18346 40 12 48  0  0
 2  0      0 3523760  25264 299708    0    0     0     4 35626 73446 35 17 48  0  0
