procs -----------memory---------- ---swap-- -----io---- -system-- ------cpu-----
 r  b   swpd   free   buff  cache   si   so    bi    bo   in   cs us sy id wa st
 2  0      0 307664 240140 6573808    0    0     8   529  465  278  4  4 91  1  0
 1  0      0 450044 240140 6410868    0    0     4 41104 21025 39680  6  7 77 10  0
 1  0      0 431196 240140 6421900    0    0   124 62336 18632 34381  7  5 83  4  0
 1  0      0 431196 240140 6421952    0    0     0  7920  839 1426  0  1 98  1  0
 2  0      0 431732 240140 6421984    0    0     0  3700 4043 6960  1  2 96  1  0
 2  0      0 431732 240140 6422020    0    0     0  6956 1033 2003  0  1 97  1  0
 1  0      0 432628 240140 6422036    0    0     0  2468 3895 6652  2  3 95  1  0
 5  0      0 411224 240148 6428452    0    0     0 15464 19469 48506 44 25 30  2  0
14  0      0 404896 240148 6434108    0    0     0 11708 18049 46819 51 28 20  1  0
 5  0      0 398312 240148 6436992    0    0     0  8840 20571 51504 51 26 22  1  0
 7  0      0 388388 240148 6444940    0    0     0 14900 19956 48934 50 26 23  1  0
11  0      0 385408 240148 6445832    0    0     0  7668 21396 50402 54 26 19  1  0
12  0      0 381424 240148 6451668    0    0     0 16264 20086 50297 47 30 22  1  0
 9  0      0 380044 240152 6452412    0    0   130  8756 18703 48202 48 28 23  1  0
16  0      0 364716 240152 6457172    0    0     0 14032 19560 49227 48 28 24  1  0
10  0      0 365760 240152 6458508    0    0     4 10692 19592 50759 50 26 23  1  0
17  0      0 360688 240152 6466716    0    0     4 15728 19281 46687 49 27 22  2  0
12  0      0 362516 240152 6467172    0    0     0 49692 18754 44576 47 31 21  1  0
11  0      0 346860 240156 6482372    0    0     4 25568 17937 44963 45 33 21  2  0
 6  0      0 340040 240156 6488660    0    0     0 17240 19692 49125 51 26 22  1  0
 3  0      0 332716 240156 6496320    0    0     0 19612 18883 46984 47 26 25  2  0
procs -----------memory---------- ---swap-- -----io---- -system-- ------cpu-----
 r  b   swpd   free   buff  cache   si   so    bi    bo   in   cs us sy id wa st
 6  0      0 331672 240156 6500976    0    0     0 16340 20346 49717 48 28 23  1  0
11  0      0 324372 240156 6501688    0    0     0 17524 19186 46958 46 30 22  1  0
 7  0      0 318416 240156 6506420    0    0     0 16336 19564 50400 47 30 22  1  0
12  0      0 319800 240156 6507032    0    0     0 11952 18356 44902 46 26 26  2  0
 8  0      0 315200 240156 6511704    0    0     0 13936 19429 47172 50 26 22  2  0
 8  0      0 311120 240156 6512488    0    0     0 11620 20765 49548 48 29 22  1  0
 8  0      0 305872 240156 6517288    0    0     0 16716 19469 45484 50 27 22  2  0
16  0      0 298632 240156 6518952    0    0     0 13640 19051 44304 51 28 20  2  0
14  0      0 297884 240156 6523528    0    0     0 17136 20272 48833 47 29 23  1  0
 8  0      0 291904 240156 6524304    0    0     0 12744 19834 59213 49 28 22  1  0
 4  0      0 287764 240156 6529256    0    0     0 18956 20005 47322 47 29 22  2  0
 9  0      0 281324 240160 6533948    0    0     0 24676 19700 48220 47 29 22  2  0
 9  0      0 280744 240160 6534696    0    0     0 14748 18916 46578 45 31 22  1  0
 8  0      0 279096 240160 6539256    0    0     0 18668 19746 47551 45 31 23  2  0
 6  0      0 277156 240160 6540068    0    0     0 14316 19453 45846 43 30 25  2  0
 7  0      0 270132 240160 6544900    0    0     0 18040 20018 47905 47 29 22  2  0
 5  0      0 268712 240160 6545496    0    0     0 16048 18174 44063 46 28 24  2  0
10  0      0 264352 240164 6550100    0    0     0 17888 19554 46339 43 32 24  1  0
 9  0      0 259620 240164 6559640    0    0     0 22928 20482 48126 45 30 24  2  0
 7  0      0 248988 240164 6564452    0    0     0 17836 20921 48748 48 28 23  2  0
 9  0      0 250196 240164 6566076    0    0     0 12260 20459 47320 45 29 24  2  0
procs -----------memory---------- ---swap-- -----io---- -system-- ------cpu-----
 r  b   swpd   free   buff  cache   si   so    bi    bo   in   cs us sy id wa st
 4  1      0 247920 240164 6570824    0    0     0 20564 19723 46459 50 29 20  1  0
 9  0      0 240116 240164 6571580    0    0     0 13680 20055 45863 48 29 22  1  0
10  0      0 233212 240164 6577524    0    0     0 18888 19691 46769 45 31 22  1  0
 4  0      0 233976 240164 6582204    0    0     0 17948 19161 46766 45 28 25  1  0
 4  0      0 230852 240164 6583008    0    0     0 13540 19425 48025 46 29 23  2  0
 8  0      0 221408 240164 6587564    0    0     0 26204 20472 50474 47 28 23  2  0
 6  0      0 218764 240164 6592204    0    0     0 20992 19399 53294 45 32 23  1  0
 7  0      0 216708 240164 6595156    0    0     0 16004 20607 49808 45 31 23  1  0
13  0      0 213408 240164 6596224    0    0     0 11540 18594 44941 45 29 23  2  0
 7  0      0 208896 240168 6600940    0    0     4 16872 19140 45461 44 30 24  2  0
 7  0      0 203212 240172 6602652    0    0     0 13976 20183 46532 46 29 23  2  0
 4  0      0 198224 240172 6607480    0    0     0 20940 21184 49858 45 30 23  2  0
13  0      0 197664 240172 6612284    0    0     0 16948 21575 51321 50 27 21  2  0
13  0      0 195232 240172 6612964    0    0     0 14264 20249 48549 46 29 24  1  0
11  0      0 196208 240172 6617708    0    0     0 16876 18023 44531 46 30 23  2  0
 5  0      0 189584 240172 6618436    0    0     0 14624 19784 50012 44 30 24  2  0
 8  0      0 185712 240172 6623100    0    0     0 17664 19128 46244 45 30 22  2  0
 6  0      0 185532 240172 6623808    0    0     0 13464 20001 47022 44 31 24  1  0
11  0      0 177872 240172 6628704    0    0     0 18328 19732 54790 45 29 24  2  0
 6  0      0 179328 240172 6629340    0    0     0 14844 18923 46862 45 29 24  2  0
 9  0      0 172688 240172 6634156    0    0     0 17284 18087 40810 42 31 25  2  0
procs -----------memory---------- ---swap-- -----io---- -system-- ------cpu-----
 r  b   swpd   free   buff  cache   si   so    bi    bo   in   cs us sy id wa st
12  0      0 167220 240172 6634704    0    0     0 17532 18858 43287 44 31 23  2  0
10  0      0 165204 240172 6639376    0    0     0 18080 18281 41275 47 28 23  2  0
 6  0      0 167500 240172 6640056    0    0     0 15536 20510 45817 43 30 25  2  0
 6  0      0 160636 240172 6644648    0    0     0 17176 18435 41790 46 30 23  2  0
 3  0      0 162672 240172 6645236    0    0     0 10604 2680 4614  1  2 94  3  0
