procs -----------memory---------- ---swap-- -----io---- -system-- ------cpu-----
 r  b   swpd   free   buff  cache   si   so    bi    bo   in   cs us sy id wa st
 4  0      0 3536936  20152 295484    0    0    14     3  262  303  5  2 93  0  0
 0  0      0 3510288  20152 295488    0    0     0     4  880 1536  1  1 98  0  0
 0  0      0 3510072  20164 295488    0    0     0    56  189  323  0  0 100  0  0
 2  0      0 3510072  20164 295488    0    0     0     0   40   32  0  0 100  0  0
 0  0      0 3510352  20164 295488    0    0     0     0  162  266  0  0 100  0  0
 1  0      0 3509652  20164 295488    0    0     0    12 1031 1284  0  0 100  0  0
 1  0      0 3506988  20164 295488    0    0     0    12  807 1012  0  1 99  0  0
 0  0      0 3506988  20164 295488    0    0     0    24   54   47  0  0 100  0  0
 0  0      0 3503796  20172 295488    0    0     0    32 1105 1469  0  1 99  0  0
 0  0      0 3503796  20172 295488    0    0     0     0   26   23  0  0 100  0  0
 1  0      0 3482244  20172 295488    0    0     0   912 3604 4707  8  3 89  0  0
 3  0      0 3478772  20172 295488    0    0     0     0 3609 3427 25  7 68  0  0
 1  0      0 3466376  20172 295492    0    0     0     4 3545 3467 27  6 66  0  0
 1  0      0 3463972  20172 295492    0    0     0    16 3643 3259 25  9 66  0  0
 1  0      0 3461240  20180 295492    0    0     0    24 4026 3856 27  8 65  0  0
 2  0      0 3457620  20180 295492    0    0     0    12 4067 3935 28  8 64  0  0
 1  0      0 3454936  20180 295492    0    0     0     0 4618 4634 28  8 65  0  0
 2  0      0 3448628  20180 295496    0    0     0     0 4412 4135 27  9 65  0  0
 2  0      0 3448956  20180 295496    0    0     0     4 4413 4441 27  8 65  0  0
 1  0      0 3446020  20188 295496    0    0     0    32 4023 3883 29  7 64  0  0
 1  0      0 3445036  20188 295500    0    0     0    16 3026 2932 28  4 67  0  0
procs -----------memory---------- ---swap-- -----io---- -system-- ------cpu-----
 r  b   swpd   free   buff  cache   si   so    bi    bo   in   cs us sy id wa st
 1  0      0 3445032  20188 295500    0    0     0     0 3018 2685 26  8 67  0  0
 1  0      0 3444872  20188 295500    0    0     0     0 2513 2333 28  8 64  0  0
 2  0      0 3444704  20188 295500    0    0     0     0 3669 3388 26  7 67  0  0
 1  0      0 3442944  20188 295504    0    0     0     4 3335 3123 27  8 65  0  0
 3  0      0 3442196  20196 295504    0    0     0    32 3515 3089 25  8 68  0  0
 1  0      0 3441580  20196 295504    0    0     0     8 3693 3666 27  8 65  0  0
 1  0      0 3441852  20196 295504    0    0     0     0 3047 2750 27  6 67  0  0
 1  0      0 3441308  20196 295504    0    0     0     0 2347 2182 26  7 67  0  0
 1  0      0 3442320  20196 295504    0    0     0     0 2902 2479 26  6 68  0  0
 2  0      0 3442160  20204 295504    0    0     0    24 3224 3086 28  6 66  0  0
 1  0      0 3441072  20204 295508    0    0     0     8 3181 2972 27  7 66  0  0
 1  0      0 3439956  20204 295508    0    0     0     0 3340 3248 26  7 67  0  0
 2  0      0 3440256  20204 295508    0    0     0     0 2948 2718 26  6 68  0  0
 2  0      0 3439872  20204 295508    0    0     0     0 3196 3135 27  7 66  0  0
 1  0      0 3439644  20216 295508    0    0     0    28 3130 3027 27  7 66  0  0
 1  0      0 3440260  20216 295512    0    0     0     4 3039 3013 27  7 66  0  0
 1  0      0 3439332  20216 295512    0    0     0     8 3175 2970 28  6 66  0  0
 1  0      0 3438540  20216 295512    0    0     0     0 2856 2717 27  6 67  0  0
 2  0      0 3438708  20216 295512    0    0     0     0 2785 2526 27  6 68  0  0
 3  0      0 3439608  20216 295516    0    0     0     4 3486 3319 27 10 64  0  0
 4  0      0 3439432  20224 295532    0    0     0    24 3006 2768 26 10 65  0  0
procs -----------memory---------- ---swap-- -----io---- -system-- ------cpu-----
 r  b   swpd   free   buff  cache   si   so    bi    bo   in   cs us sy id wa st
 1  0      0 3439284  20224 295532    0    0     0    12 2389 2330 26  8 66  0  0
 1  0      0 3438484  20224 295532    0    0     0     0 2456 2204 25  5 70  0  0
 1  0      0 3437780  20224 295536    0    0     0     0 2716 2786 28  8 64  0  0
 1  0      0 3437376  20224 295536    0    0     0     0 2678 2524 25  7 67  0  0
 2  0      0 3437760  20232 295540    0    0     0    28 3003 2733 26  6 68  0  0
 1  0      0 3437348  20232 295540    0    0     0     8 3416 3272 27  7 66  0  0
 2  0      0 3437644  20232 295540    0    0     0     8 2218 1938 26  6 68  0  0
 5  0      0 3437616  20232 295540    0    0     0     0 1827 1756 20  7 72  0  0
 1  0      0 3437660  20232 295540    0    0     0     0 2594 2396 23  6 71  0  0
 1  0      0 3438040  20240 295540    0    0     0    48 2588 2495 25  7 68  0  0
 2  0      0 3438016  20240 295540    0    0     0     0 2952 2702 26  6 67  0  0
 3  0      0 3439176  20240 295540    0    0     0     4 2482 2289 23  8 68  0  0
 2  0      0 3437756  20240 295540    0    0     0     4 2162 1764 25  8 68  0  0
 3  0      0 3437664  20240 295540    0    0     0     0 2446 2230 25  6 70  0  0
 1  0      0 3439632  20248 295544    0    0     0    12 2292 2217 25  7 68  0  0
 1  0      0 3438384  20248 295544    0    0     0     0 2338 2085 26  6 69  0  0
 1  0      0 3437716  20248 295544    0    0     0     0 2370 2248 26  7 67  0  0
 3  0      0 3438024  20248 295544    0    0     0     8 2094 1724 23  7 70  0  0
 1  0      0 3437140  20248 295544    0    0     0     4 2560 2234 25  7 68  0  0
 2  0      0 3439088  20256 295564    0    0     0    24 5568 6027 30 10 60  0  0
 2  0      0 3438212  20256 295580    0    0     0     0 5961 6804 29  8 63  0  0
procs -----------memory---------- ---swap-- -----io---- -system-- ------cpu-----
 r  b   swpd   free   buff  cache   si   so    bi    bo   in   cs us sy id wa st
 1  0      0 3437128  20256 295612    0    0     0     0 6892 7633 30  8 62  0  0
 1  0      0 3434924  20256 295632    0    0     0     0 6549 7446 30  9 62  0  0
 1  0      0 3431388  20256 295652    0    0     0    16 6065 6530 27  9 64  0  0
 1  0      0 3428596  20264 295668    0    0     0    48 5880 6727 28  7 65  0  0
 1  0      0 3424484  20264 295668    0    0     0     0 7242 8135 28  8 64  0  0
 2  0      0 3424476  20264 295688    0    0     0     0 6438 7381 28  8 64  0  0
 1  0      0 3424332  20264 295688    0    0     0     0 7223 7868 27  8 65  0  0
 3  0      0 3422404  20264 295712    0    0     0    32 17307 67382 33 13 54  0  0
 1  0      0 3520004  20272 295696    0    0     0    60 6843 13803  9  4 87  0  0
