procs -----------memory---------- ---swap-- -----io---- -system-- ------cpu-----
 r  b   swpd   free   buff  cache   si   so    bi    bo   in   cs us sy id wa st
 1  0      0 1257396 244776 5400432    0    0    32  1212 1069 1164 12  8 78  2  0
 0  1      0 1384552 244776 5289408    0    0     0 24940 14677 27836  2  6 73 19  0
 0  1      0 1382312 244776 5289708    0    0     0 18712 14912 27975  1  5 74 19  0
 0  1      0 1382312 244776 5290020    0    0     0 20404 16873 32466  1  7 74 19  0
 2  0      0 1379568 244776 5290544    0    0     0 19084 16322 31112  1  6 74 19  0
 1  0      0 1329828 244776 5325600    0    0     0 63536 18959 35534  8  7 68 18  0
 1  0      0 1321988 244776 5325636    0    0     0  7072 13743 24859  6  4 87  3  0
 1  0      0 1321988 244776 5325640    0    0     0  3340  626 1045  0  1 98  1  0
 0  0      0 1321484 244776 5325968    0    0     0  8876 6167 10832  2  2 93  3  0
 0  0      0 1321484 244776 5325968    0    0     0  1368  539  768  0  1 98  1  0
 1  0      0 1317104 244776 5325984    0    0     0  2864 5863 9984  3  4 91  2  0
 8  1      0 1296424 244776 5334716    0    0     0 18800 11463 38168 30 38 23  9  0
14  1      0 1282616 244780 5339588    0    0     0 11668 8625 29120 31 33 25 12  0
 2  0      0 1284012 244780 5344408    0    0     0  7484 8792 29582 28 37 25 11  0
 3  2      0 1271992 244780 5349168    0    0     0  7984 9687 31051 35 36 19 10  0
21  1      0 1279616 244780 5353896    0    0     0 17764 10287 32602 32 36 20 12  0
 7  1      0 1265520 244780 5361224    0    0     0 23816 9783 35154 34 38 18 10  0
 7  1      0 1264640 244780 5367492    0    0     0 12732 10609 34621 36 33 21 10  0
 9  3      0 1256176 244780 5371532    0    0     0 10300 11722 35385 34 39 19  9  0
 8  0      0 1252404 244780 5375836    0    0     0  8824 9484 31251 32 36 22  9  0
12  3      0 1248596 244780 5379972    0    0     0  7108 8145 28863 28 51 13  8  0
procs -----------memory---------- ---swap-- -----io---- -system-- ------cpu-----
 r  b   swpd   free   buff  cache   si   so    bi    bo   in   cs us sy id wa st
22  1      0 1242936 244780 5383184    0    0     0  9008 7391 26816 24 65  5  6  0
10  3      0 1242012 244780 5385596    0    0     0  5428 5726 21834 20 66  6  8  0
 8  3      0 1238404 244780 5390880    0    0     0 10428 7486 27293 24 63  6  7  0
 8  1      0 1240988 244780 5394056    0    0     0  7040 7176 25203 23 69  4  4  0
 5  3      0 1236680 244780 5399248    0    0     0  9360 7712 25603 24 64  6  5  0
 9  1      0 1225340 244780 5402192    0    0     0  6452 7967 28683 22 69  6  3  0
13  1      0 1224892 244780 5405184    0    0     0  6432 7293 26044 23 66  8  3  0
20  1      0 1225408 244780 5407668    0    0     0  4524 5378 20490 19 68  5  8  0
16  4      0 1220588 244780 5410200    0    0     0  4784 5587 20435 20 66  9  6  0
14  0      0 1216464 244784 5413276    0    0     0 31828 7386 25994 23 65  8  4  0
 7  2      0 1217020 244784 5416120    0    0     0 22260 6611 25808 24 65  5  5  0
26  0      0 1212088 244784 5420812    0    0     0 20288 6624 25575 23 66  4  6  0
14  2      0 1205788 244784 5428604    0    0     0 13736 6111 22681 22 67  6  6  0
17  0      0 1203888 244784 5431420    0    0     0  5816 5811 22317 23 68  4  4  0
18  0      0 1202920 244784 5433988    0    0     0 12144 6332 23631 23 66  7  5  0
 9  1      0 1197752 244784 5436652    0    0     0 14032 6223 23079 21 67  5  7  0
16  0      0 1197500 244784 5439580    0    0     0  6360 6678 27511 22 68  5  5  0
22  0      0 1194368 244784 5442264    0    0     0  5032 6048 23683 21 68  5  6  0
21  0      0 1188964 244784 5444560    0    0     0  5372 5263 20163 21 66  8  5  0
 9  1      0 1188236 244784 5447168    0    0     0  6888 6329 22324 21 64  7  8  0
13  1      0 1190140 244784 5450516    0    0     0  5864 6413 25215 24 63  8  5  0
procs -----------memory---------- ---swap-- -----io---- -system-- ------cpu-----
 r  b   swpd   free   buff  cache   si   so    bi    bo   in   cs us sy id wa st
16  2      0 1176892 244784 5453052    0    0     0  4984 4670 19028 21 66  6  6  0
 2  8      0 1174628 244784 5455040    0    0     0  4680 4491 18474 22 65  4  9  0
27  0      0 1175556 244784 5456972    0    0     0  4412 4433 17820 21 67  5  8  0
13  2      0 1170848 244784 5459272    0    0     0  4060 5009 19269 21 65  7  7  0
 8  6      0 1173036 244784 5461140    0    0     0  3916 4454 17011 18 67  8  7  0
11  1      0 1169508 244784 5463300    0    0     0  4892 6239 23576 25 65  6  4  0
13  0      0 1165028 244784 5466052    0    0     0  4164 5333 20544 22 68  5  6  0
21  0      0 1154684 244784 5467464    0    0     0  2464 3513 16342 18 66  4 12  0
23  1      0 1157324 244784 5469776    0    0     0  4812 3990 15452 18 65  9  8  0
 7  1      0 1154048 244784 5473084    0    0     0  9172 5063 20222 20 65  6  9  0
 5  1      0 1185360 244784 5437196    0    0     0 30632 5807 22216 19 66  7  9  0
25  1      0 1176644 244784 5439228    0    0     0  5492 4915 20654 20 67  4 10  0
10  2      0 1177976 244784 5441364    0    0     0  3624 4756 20073 19 68  6  7  0
10  1      0 1178552 244784 5444120    0    0     0  3152 4593 21138 18 68  5  9  0
12  7      0 1173048 244784 5446832    0    0     0 28568 4472 16863 20 66  7  8  0
12  1      0 1172068 244784 5449128    0    0     0  3884 4368 20086 20 62  6 13  0
 8  2      0 1173100 244784 5451240    0    0     0  3900 4548 19012 20 67  5  8  0
13  1      0 1173596 244784 5453176    0    0     0  4012 4204 17738 23 64  5  8  0
 6  1      0 1173016 244784 5456452    0    0     0  4872 4490 20936 20 66  4 11  0
16  0      0 1170348 244784 5459512    0    0     0  6432 6910 25394 25 63  7  5  0
10  1      0 1171996 244784 5466608    0    0     0 11900 13502 70417 36 38 18  8  0
procs -----------memory---------- ---swap-- -----io---- -system-- ------cpu-----
 r  b   swpd   free   buff  cache   si   so    bi    bo   in   cs us sy id wa st
15  0      0 1164980 244784 5472952    0    0     0 12588 13258 52326 36 34 21  9  0
18  0      0 1164960 244784 5479244    0    0     0 13176 13661 60504 41 35 17  7  0
13  2      0 1159776 244784 5486628    0    0     0 13572 14325 56971 36 35 21  8  0
19  1      0 1151968 244784 5493268    0    0     0 11944 11141 50837 30 36 23 10  0
10  1      0 1140664 244784 5500144    0    0     0 26640 14201 62697 35 39 18  8  0
27  1      0 1130260 244784 5512788    0    0     0 21456 13575 62240 34 39 19  8  0
14  0      0 1121236 244784 5519088    0    0     0 16604 13359 59179 38 38 17  8  0
17  0      0 1111176 244784 5527320    0    0     0 16532 14857 63302 34 36 22  8  0
 0  0      0 1111812 244784 5527376    0    0     0 46360 1841 3054  1  3 94  2  0
