procs -----------memory---------- ---swap-- -----io---- -system-- ------cpu-----
 r  b   swpd   free   buff  cache   si   so    bi    bo   in   cs us sy id wa st
 2  0      0 3533888  22656 297084    0    0     9     3  403  487  6  2 92  0  0
 0  0      0 3508748  22656 297012    0    0     0     0  705 1102  1  1 99  0  0
 0  0      0 3506920  22656 297012    0    0     0     0  192  321  0  0 100  0  0
 0  0      0 3506984  22656 297012    0    0     0     0   35   35  0  0 100  0  0
 0  0      0 3506256  22656 297012    0    0     0     0  186  270  0  0 100  0  0
 0  0      0 3505808  22668 297000    0    0     0  1004  328  445  0  0 99  0  0
 0  0      0 3502152  22668 297012    0    0     0     8 1694 2153  1  1 98  0  0
 0  0      0 3502152  22668 297012    0    0     0     0   28   18  0  0 100  0  0
 0  0      0 3501400  22668 297012    0    0     0     0 1244 1626  0  1 99  0  0
 1  0      0 3501400  22668 297012    0    0     0     0   19   18  0  0 100  0  0
 1  0      0 3477544  22676 297012    0    0     0    68 4165 5851  5  3 91  0  0
 1  0      0 3459740  22676 297012    0    0     0     0 12448 15899 29 11 60  0  0
 2  0      0 3448808  22676 297020    0    0     0     0 14123 17332 29 11 60  0  0
 1  0      0 3445344  22676 296940    0    0     0     0 13449 17156 33  8 58  0  0
 1  0      0 3443232  22676 296944    0    0     0     0 12540 15867 32  9 59  0  0
 2  0      0 3437108  22684 296976    0    0     0    12 13897 17511 33  9 57  0  0
 4  0      0 3435028  22684 297000    0    0     0    32 13487 17155 33 11 57  0  0
 4  0      0 3433140  22684 297020    0    0     0     0 13358 16765 35  9 56  0  0
 2  0      0 3428988  22684 297056    0    0     0     0 13082 16869 33 12 54  0  0
 2  0      0 3426852  22684 297060    0    0     0     0 12809 16391 34  9 58  0  0
 4  0      0 3425412  22684 296996    0    0     0     0 14739 19154 34  9 57  0  0
procs -----------memory---------- ---swap-- -----io---- -system-- ------cpu-----
 r  b   swpd   free   buff  cache   si   so    bi    bo   in   cs us sy id wa st
 1  0      0 3423504  22692 297012    0    0     0    48 14829 19109 34  9 57  0  0
 3  0      0 3422112  22692 297032    0    0     0     4 15475 19827 34 10 56  0  0
 2  0      0 3419376  22692 297068    0    0     0     0 15324 19349 32 11 57  0  0
 1  0      0 3417276  22692 297072    0    0     0     0 14319 18572 33  9 58  0  0
 1  0      0 3417160  22692 297076    0    0     0     0 13632 17441 36  9 55  0  0
 3  0      0 3413868  22700 297080    0    0     0    48 13551 17356 34 10 56  0  0
 4  0      0 3412668  22700 297088    0    0     0     0 14727 18934 35  9 56  0  0
 1  0      0 3408912  22700 297092    0    0     0     4 13208 16394 34 10 57  0  0
 4  0      0 3408832  22700 297124    0    0     0     0 13353 17102 33 12 56  0  0
 1  0      0 3406932  22700 297128    0    0     0     0 13765 17965 33 10 56  0  0
 3  0      0 3406240  22724 297124    0    0     0   168 14021 17892 33 10 56  0  0
 1  0      0 3403676  22724 297136    0    0     0     0 15490 19931 34  9 57  0  0
 1  0      0 3403620  22724 297156    0    0     0     0 15106 19341 35 11 55  0  0
 1  0      0 3402112  22724 297172    0    0     0     4 15126 19246 34 10 56  0  0
 1  0      0 3400308  22724 297196    0    0     0     0 15089 19575 35  8 56  0  0
 2  0      0 3399852  22732 297188    0    0     0    80 13946 17919 33 12 56  0  0
 4  0      0 3398376  22732 297216    0    0     0     0 14575 18855 35  9 57  0  0
 1  0      0 3396652  22732 297236    0    0     0     0 14076 18153 36  9 55  0  0
 4  0      0 3396512  22732 297240    0    0     0     0 14155 17737 31 10 58  0  0
 2  0      0 3395892  22732 297244    0    0     0     4 14080 18215 33 10 57  0  0
 4  0      0 3394208  22740 297240    0    0     0    44 14201 18312 35  9 56  0  0
procs -----------memory---------- ---swap-- -----io---- -system-- ------cpu-----
 r  b   swpd   free   buff  cache   si   so    bi    bo   in   cs us sy id wa st
 2  0      0 3393772  22740 297252    0    0     0     0 14632 18940 32 10 58  0  0
 4  0      0 3393676  22740 297272    0    0     0     0 15360 19309 36  9 55  0  0
 2  0      0 3389192  22740 297292    0    0     0     0 14184 18123 35  9 56  0  0
 2  0      0 3389396  22740 297300    0    0     0     0 14872 18748 34 10 55  0  0
 2  0      0 3388252  22740 297300    0    0     0     8 13581 17407 34 10 56  0  0
 1  0      0 3387184  22748 297304    0    0     0    56 15600 19876 35  8 57  0  0
 1  0      0 3387248  22748 297308    0    0     0     0 12575 16234 33 10 57  0  0
 1  0      0 3387424  22748 297328    0    0     0     0 13708 17540 35  8 57  0  0
 1  0      0 3386384  22748 297332    0    0     0     0 13679 17419 36  8 56  0  0
 2  0      0 3386352  22748 297332    0    0     0     0 14708 18456 35 10 56  0  0
 4  0      0 3385880  22760 297368    0    0     0    52 13531 17251 35  9 56  0  0
 1  0      0 3386312  22760 297352    0    0     0     0 14279 18222 34  9 57  0  0
 2  0      0 3385160  22760 297352    0    0     0     0 13982 18261 35  9 56  0  0
 2  0      0 3385088  22760 297344    0    0     0     0 13571 17437 35  8 57  0  0
 2  0      0 3386188  22760 297344    0    0     0     0 13599 17674 36  9 54  0  0
 2  0      0 3385560  22768 297352    0    0     0    44 14431 18558 34  8 57  0  0
 1  0      0 3384632  22768 297352    0    0     0     4 15168 19431 33 11 56  0  0
 3  0      0 3385300  22768 297356    0    0     0     0 14507 17904 31 11 58  0  0
 3  0      0 3385764  22768 297388    0    0     0     0 14357 18594 34 10 55  0  0
 1  0      0 3385316  22768 297376    0    0     0     0 14172 18014 37  9 55  0  0
 1  0      0 3385408  22776 297396    0    0     0    52 13163 17184 35  8 57  0  0
procs -----------memory---------- ---swap-- -----io---- -system-- ------cpu-----
 r  b   swpd   free   buff  cache   si   so    bi    bo   in   cs us sy id wa st
 4  0      0 3384820  22776 297416    0    0     0     0 14301 17987 34  9 57  0  0
 1  0      0 3385244  22776 297420    0    0     0     4 14142 18155 33 10 57  0  0
 4  0      0 3386116  22776 297436    0    0     0     0 11689 14973 34  9 57  0  0
 1  0      0 3385252  22776 297436    0    0     0     0 13908 17636 35  9 56  0  0
 2  0      0 3385028  22784 297448    0    0     0    56 15787 19663 32 11 57  0  0
 2  0      0 3384728  22784 297452    0    0     0     0 15493 19689 32 12 57  0  0
 1  0      0 3384100  22784 297464    0    0     0     0 14123 17796 35 12 53  0  0
 0  0      0 3534392  22784 297480    0    0     0     8 16284 24879 36 11 53  0  0
