procs -----------memory---------- ---swap-- -----io---- -system-- ------cpu-----
 r  b   swpd   free   buff  cache   si   so    bi    bo   in   cs us sy id wa st
 3  0      0 183464 237676 6316220    0    0    22  1320 1078 1008 11  9 78  2  0
 0  1      0 308276 237676 6185608    0    0     4 16976 12729 23892  2  8 74 16  0
 0  1      0 306036 237676 6186280    0    0     0 17632 16320 31140  2  5 75 18  0
 0  1      0 306036 237676 6187060    0    0     0 19344 16995 32768  1  6 75 19  0
 0  1      0 292972 237680 6202752    0    0     8 47468 16222 31167  2  6 73 18  0
 2  0      0 258576 237680 6233056    0    0    44 47136 18192 33552  7 10 67 16  0
 2  0      0 260768 237680 6233548    0    0    88  6936 12967 23245  6  4 86  4  0
 1  0      0 260768 237680 6233552    0    0     0  3744  670 1211  0  1 98  1  0
 2  0      0 261284 237680 6233960    0    0     0  8652 5419 9512  2  2 93  3  0
 0  0      0 261284 237680 6233960    0    0     0  2756  538  893  0  0 99  1  0
 6  0      0 258004 237680 6234308    0    0     0  8512 4749 8307  4  2 92  3  0
 7  1      0 248828 237684 6242640    0    0     4 22744 18127 38663 27 26 39  8  0
11  0      0 230208 237684 6251568    0    0     0 21164 18641 51371 38 40 16  6  0
16  0      0 224348 237684 6256316    0    0     0 20080 17622 53969 38 39 16  6  0
 6  1      0 219136 237684 6264292    0    0     4 20624 15913 48481 38 38 17  6  0
14  2      0 208952 237700 6273000    0    0    16 23012 17900 50839 37 42 16  5  0
17  0      0 207772 237700 6276896    0    0     4 35312 17087 47948 33 42 19  6  0
 8  3      0 209692 237704 6282600    0    0     0 20316 16940 48972 36 41 16  7  0
14  1      0 198292 237704 6286196    0    0     4 18428 17117 50102 37 42 16  5  0
14  1      0 196052 237704 6291444    0    0     0 18600 15982 44259 36 41 16  8  0
 7  1      0 183424 237704 6296392    0    0     0 19224 17745 48580 33 43 18  7  0
procs -----------memory---------- ---swap-- -----io---- -system-- ------cpu-----
 r  b   swpd   free   buff  cache   si   so    bi    bo   in   cs us sy id wa st
17  2      0 183636 237704 6303604    0    0     4 22968 17358 46758 37 42 17  5  0
 9  1      0 168068 237704 6313884    0    0     0 25760 18463 48168 36 42 16  6  0
10  1      0 162660 237704 6318568    0    0     0 21184 18544 50684 35 44 15  6  0
20  0      0 157064 237704 6321128    0    0     0 19700 18207 49035 36 43 16  5  0
15  0      0 160564 237704 6323276    0    0     0 19628 17465 50279 35 45 14  6  0
 9  0      0 154884 237708 6325224    0    0     0 28232 15984 47219 37 42 15  6  0
14  1      0 145408 237708 6332052    0    0     0 25376 18060 51967 36 42 15  7  0
17  2      0 140624 237712 6333924    0    0     0 20400 17866 50319 36 42 16  6  0
16  1      0 146704 237712 6336352    0    0     0 18872 15525 45086 36 44 14  7  0
20  1      0 138988 237712 6338572    0    0     0 20692 16790 47287 35 39 18  7  0
14  0      0 136916 237712 6340396    0    0     0 35952 16857 46369 34 43 16  7  0
16  0      0 134984 237712 6342968    0    0     0 21728 18237 50148 34 43 17  6  0
19  2      0 130604 237712 6345032    0    0     0 21220 18247 50243 33 46 15  6  0
12  1      0 123216 237712 6347448    0    0     0 19144 17268 50236 36 43 15  6  0
17  0      0 124776 237712 6350644    0    0     0 22472 18252 50846 36 44 15  6  0
12  0      0 106704 237712 6365836    0    0     0 41528 17110 48145 37 42 16  5  0
14  0      0 116924 237704 6364932    0    0   112 21028 17340 47522 35 40 18  7  0
19  2      0 113288 237692 6364496    0    0   220 22544 17596 48081 35 42 15  7  0
18  0      0 123240 237668 6352464    0    0    96 20780 17304 49429 34 43 16  7  0
21  0      0 117640 237668 6358912    0    0    16 24160 18356 50011 34 41 19  6  0
11  0      0 114824 237668 6360952    0    0     0 20968 17025 47475 35 41 16  7  0
procs -----------memory---------- ---swap-- -----io---- -system-- ------cpu-----
 r  b   swpd   free   buff  cache   si   so    bi    bo   in   cs us sy id wa st
18  1      0 114488 237668 6359040    0    0    32 21184 18409 51099 34 45 15  6  0
12  3      0 121596 237668 6356308    0    0     0 20508 18064 48346 33 41 18  7  0
11  1      0 117024 237668 6354400    0    0    36 23996 18262 49795 34 44 17  5  0
10  1      0 119484 237668 6348724    0    0    52 22392 17581 49805 37 43 15  6  0
 5  1      0 123684 237672 6350624    0    0    88 18604 16540 44429 34 41 18  8  0
 7  4      0 119024 237672 6352948    0    0     0 20776 17919 49524 35 43 15  6  0
13  1      0 119976 237664 6350732    0    0   172 19456 16650 44112 34 43 16  7  0
11  2      0 111020 237660 6348744    0    0   252 27424 16060 44102 34 41 17  7  0
15  1      0 164808 237672 6309760    0    0    44 30188 16632 45728 32 41 19  8  0
22  1      0 156992 237672 6314044    0    0     0 20416 15918 46637 35 45 15  5  0
13  1      0 150916 237672 6316952    0    0     0 30916 15563 42406 38 39 16  7  0
 9  1      0 153280 237672 6320064    0    0     0 20740 16406 43899 37 40 16  7  0
 8  0      0 143128 237672 6326808    0    0     0 22612 16807 45684 33 43 18  6  0
12  1      0 146380 237672 6329088    0    0     0 20008 16766 46651 37 41 15  7  0
17  2      0 144980 237672 6331244    0    0     0 19008 16723 49291 35 40 18  6  0
 9  2      0 139664 237672 6333444    0    0     0 24724 17203 50706 35 42 16  6  0
11  2      0 137640 237672 6335564    0    0     0 21396 17834 50410 35 41 18  7  0
 6  0      0 144720 237672 6337348    0    0     0 19408 18145 46381 36 38 20  7  0
 8  2      0 128084 237672 6344568    0    0     0 26216 17854 47802 33 42 17  7  0
17  0      0 129340 237672 6346644    0    0     0 19128 16755 48021 33 43 17  7  0
11  0      0 129100 237672 6348516    0    0     0 27628 15669 43643 36 41 16  7  0
procs -----------memory---------- ---swap-- -----io---- -system-- ------cpu-----
 r  b   swpd   free   buff  cache   si   so    bi    bo   in   cs us sy id wa st
 8  2      0 123368 237672 6350256    0    0     0 21332 16882 47323 35 43 16  6  0
13  1      0 120788 237672 6352324    0    0     0 21584 17287 49229 34 43 16  6  0
 9  1      0 109500 237672 6358604    0    0     0 23144 16663 43668 38 37 18  7  0
14  2      0 101564 237672 6360160    0    0     0 16516 14934 41534 36 38 17  9  0
18  0      0 109100 237672 6361880    0    0     0 25800 18030 46250 34 41 18  7  0
18  0      0 104184 237672 6364320    0    0     0 21328 18228 48642 37 40 17  6  0
10  1      0  98844 237672 6366344    0    0     0 20380 17521 48817 35 44 14  6  0
12  1      0 108740 237648 6363876    0    0    56 23364 15968 45025 36 43 14  7  0
 5  0      0 109312 237648 6364088    0    0     0  9876 4191 10058  6  8 84  2  0
