procs -----------memory---------- ---swap-- -----io---- -system-- ------cpu-----
 r  b   swpd   free   buff  cache   si   so    bi    bo   in   cs us sy id wa st
 0  0      0 3542508  18464 294600    0    0    34     5  254  278  6  2 92  0  0
 0  0      0 3516364  18464 294580    0    0     0     0  881 1387  1  2 97  0  0
 0  0      0 3513332  18464 294580    0    0     0     0  173  271  0  1 99  0  0
 0  0      0 3513372  18464 294580    0    0     0     0   40   39  0  0 100  0  0
 0  0      0 3513400  18464 294580    0    0     0     0  164  270  0  2 98  0  0
 0  0      0 3513400  18472 294580    0    0     0    76   56   68  0  0 100  0  0
 0  0      0 3514156  18472 294580    0    0     0     8  192  289  0  1 99  0  0
 1  0      0 3514156  18472 294580    0    0     0     0   48   37  0  0 100  0  0
 0  0      0 3512420  18472 294580    0    0     0     0  151  263  0  1 98  0  0
 0  0      0 3511836  18472 294580    0    0     0     0  151  296  0  1 99  0  0
 0  0      0 3511916  18480 294580    0    0     0    36   89   70  0  0 100  0  0
 0  0      0 3513420  18480 294580    0    0     0     0  196  295  0  0 99  0  0
 0  0      0 3513456  18480 294580    0    0     0     0   52   38  0  0 100  0  0
 0  0      0 3512448  18480 294580    0    0     0     0  177  280  0  0 100  0  0
 0  0      0 3512000  18480 294580    0    0     0     0 1245 1545  1  1 99  0  0
 0  0      0 3509228  18480 294580    0    0     0     4  565  741  0  1 99  0  0
 0  0      0 3508556  18488 294580    0    0     0    12  619  728  0  0 99  0  0
 0  0      0 3507820  18488 294580    0    0     0     0  147  261  0  1 99  0  0
 0  0      0 3507596  18488 294580    0    0     0     0  849 1003  0  1 99  0  0
 0  0      0 3505808  18488 294580    0    0     0     4  768  930  0  1 99  0  0
 0  0      0 3505860  18488 294580    0    0     0     0   43   47  0  0 100  0  0
procs -----------memory---------- ---swap-- -----io---- -system-- ------cpu-----
 r  b   swpd   free   buff  cache   si   so    bi    bo   in   cs us sy id wa st
 1  0      0 3506160  18488 294580    0    0     0    12 1513 1928  1  2 97  0  0
 2  0      0 3467444  18496 294580    0    0     0     4 6427 7519 26  7 67  0  0
 1  0      0 3457424  18496 294584    0    0     0     0 5798 6155 27 10 63  0  0
 1  0      0 3456692  18496 294588    0    0     0     0 6062 6201 24  8 68  0  0
 4  0      0 3454072  18496 294588    0    0     0     0 5590 5731 27  7 66  0  0
 1  0      0 3452028  18496 294592    0    0     0     0 6873 7636 28  9 63  0  0
 1  0      0 3451436  18504 294592    0    0     0    28 5879 6430 27  8 65  0  0
 3  0      0 3449684  18504 294592    0    0     0     0 6405 6817 27  7 66  0  0
 1  0      0 3448196  18504 294608    0    0     0     0 7018 7735 28  8 65  0  0
 3  0      0 3448928  18504 294612    0    0     0   888 5705 6244 26  9 63  1  0
 1  0      0 3447952  18504 294612    0    0     0     0 4190 4678 25  8 67  0  0
 1  0      0 3447344  18512 294628    0    0     0    44 5297 6074 28  7 64  1  0
 1  0      0 3447528  18512 294628    0    0     0     4 6152 6716 25  9 67  0  0
 1  0      0 3448136  18512 294628    0    0     0     0 7160 8158 28  8 64  0  0
 4  0      0 3446316  18512 294628    0    0     0    40 4864 5498 27  8 65  0  0
 1  0      0 3447968  18512 294628    0    0     0     0 5578 6314 27  7 66  0  0
 1  0      0 3448840  18520 294628    0    0     0    20 5206 5748 28  7 65  0  0
 1  0      0 3446212  18520 294628    0    0     0     8 4976 5497 27  7 66  0  0
 4  0      0 3446680  18520 294632    0    0     0     4 7073 8096 27  7 66  0  0
 1  0      0 3446940  18520 294632    0    0     0     0 7606 8526 30  7 64  0  0
 1  0      0 3443848  18528 294648    0    0     0    28 6168 7059 28  8 63  1  0
procs -----------memory---------- ---swap-- -----io---- -system-- ------cpu-----
 r  b   swpd   free   buff  cache   si   so    bi    bo   in   cs us sy id wa st
 1  0      0 3444432  18528 294648    0    0     0    16 6654 7703 27  9 65  0  0
 1  0      0 3445588  18528 294648    0    0     0     8 6570 7584 29  8 63  0  0
 1  0      0 3443780  18528 294672    0    0     0     0 7866 8975 29  9 62  0  0
 1  0      0 3444160  18528 294688    0    0     0     8 6075 6457 28  8 64  0  0
 1  0      0 3444300  18536 294692    0    0     0    20 6376 7112 28  8 64  0  0
 2  0      0 3443176  18536 294692    0    0     0     0 6746 7698 29  7 63  0  0
 1  0      0 3443576  18536 294712    0    0     0     0 8526 10231 29  9 62  0  0
 1  0      0 3442540  18536 294732    0    0     0     8 8187 10033 29 10 61  0  0
 3  0      0 3443228  18536 294732    0    0     0     0 7276 7888 28  7 65  0  0
 4  0      0 3442752  18544 294732    0    0     0    32 6849 7913 28  9 63  0  0
 1  0      0 3443068  18544 294740    0    0     0     0 6253 7073 28  7 65  0  0
 1  0      0 3442464  18544 294740    0    0     0     0 3436 3614 26  8 66  0  0
 3  0      0 3443592  18544 294740    0    0     0     0 6797 7614 28  8 64  0  0
 1  0      0 3444960  18544 294736    0    0     0     8 6616 7338 27  8 65  0  0
 2  0      0 3443356  18544 294736    0    0     0     4 7990 9105 27  8 65  0  0
 1  0      0 3444096  18552 294736    0    0     0    28 5572 6157 26  8 66  1  0
 1  0      0 3443032  18552 294736    0    0     0     0 5236 5957 27  8 65  0  0
 1  0      0 3443052  18552 294752    0    0     0     0 6799 7881 28 10 62  0  0
 1  0      0 3442492  18552 294752    0    0     0     0 5883 6537 28  8 64  0  0
 3  0      0 3441544  18552 294756    0    0     0     4 5858 6684 28  8 64  0  0
 1  0      0 3443564  18560 294756    0    0     0    24 4113 4180 25  8 66  0  0
procs -----------memory---------- ---swap-- -----io---- -system-- ------cpu-----
 r  b   swpd   free   buff  cache   si   so    bi    bo   in   cs us sy id wa st
 1  0      0 3441416  18560 294756    0    0     0     4 3943 4358 25  9 66  0  0
 1  0      0 3440596  18560 294756    0    0     0     0 6476 7205 27  7 66  0  0
 3  0      0 3440364  18560 294756    0    0     0     0 6490 7119 29  7 64  0  0
 2  0      0 3440824  18560 294744    0    0     0     8 7289 8478 28  9 62  0  0
 2  0      0 3440020  18568 294744    0    0     0    24 5608 6095 28  9 63  0  0
 1  0      0 3440504  18568 294744    0    0     0     0 6621 7580 28  9 63  0  0
 1  0      0 3439828  18568 294744    0    0     0     4 6891 8071 29 10 62  0  0
 1  0      0 3439872  18568 294744    0    0     0     0 6507 7374 28  8 64  0  0
 1  0      0 3440824  18568 294744    0    0     0     8 7125 8372 29  8 63  0  0
 2  0      0 3441088  18568 294744    0    0     0     0 6863 7809 28  8 65  0  0
 1  0      0 3440588  18576 294744    0    0     0    24 7623 8999 29  8 63  0  0
 2  0      0 3441820  18576 294744    0    0     0     0 8605 9565 26  9 65  0  0
 1  0      0 3441196  18576 294744    0    0     0     4 8378 9918 28 10 63  0  0
 1  0      0 3442164  18576 294744    0    0     0     0 7669 8758 27 10 63  0  0
 1  0      0 3442476  18584 294736    0    0     0    40 7475 8799 28  8 64  0  0
 1  0      0 3442216  18584 294744    0    0     0     8 6366 6919 26 10 64  0  0
 1  0      0 3439280  18584 294748    0    0     0     4 8472 9749 29  7 64  0  0
 1  0      0 3440824  18584 294764    0    0     0     0 7930 8565 29  7 64  0  0
 4  0      0 3438988  18584 294768    0    0     0     4 8075 9531 28  9 63  0  0
 1  0      0 3543056  18600 294772    0    0     0   588 26011 52169 31 11 58  0  0
