procs -----------memory---------- ---swap-- -----io---- -system-- ------cpu-----
 r  b   swpd   free   buff  cache   si   so    bi    bo   in   cs us sy id wa st
 4  0      0 2393992 242180 4430780    0    0    79  1818 1628 4440 19 10 70  2  0
 3  0      0 2430644 242180 4388228    0    0     0  7720 6489 10854  3  5 76 16  0
 2  1      0 2440184 242180 4382776    0    0     0 10024 5769 9346  6 11 62 21  0
 2  0      0 2439944 242180 4382836    0    0     0 71636 4375 6824  2  7 74 18  0
 1  1      0 2437996 242180 4382968    0    0     0  4828 6885 11452  3  9 72 17  0
 2  0      0 2437996 242180 4383088    0    0     0  5696 7001 11580  2  6 75 18  0
 2  1      0 2437744 242180 4383224    0    0     0  6220 7828 13458  2  6 75 18  0
 5  1      0 2437744 242180 4383348    0    0     0  6540 8145 13767  2  5 75 18  0
 2  0      0 2437240 242180 4383480    0    0     0  6228 7957 13710  4  7 73 16  0
 1  0      0 2437240 242180 4383736    0    0     0 10636 11712 20975  2  7 74 17  0
 0  2      0 2436764 242180 4383992    0    0     0 10192 11267 20231  2  7 74 17  0
 2  0      0 2436764 242180 4384216    0    0     0  8832 10124 17849  2  6 75 17  0
 1  1      0 2410556 242180 4384684    0    0     0 11416 11748 21317  3  7 73 16  0
 1  0      0 2408528 242180 4406852    0    0     0 37900 10478 18236  6  9 67 18  0
 3  0      0 2369340 242184 4419316    0    0     0 24280 16289 29292 11 10 65 14  0
 0  0      0 2367576 242184 4419520    0    0     0  4588 28125 52267 11 13 73  3  0
 1  0      0 2365364 242184 4419556    0    0     0  2516 41914 81155  9 14 76  1  0
 2  0      0 2365364 242188 4419724    0    0     0  3120 6890 12704  1  2 96  1  0
 1  0      0 2364608 242188 4419752    0    0     0  2732  677 1184  0  1 98  1  0
 1  0      0 2364160 242188 4419952    0    0     0  4636 13117 23449  4  5 87  3  0
 1  0      0 2363152 242188 4419984    0    0     0  6964 1228 2285  0  1 97  2  0
procs -----------memory---------- ---swap-- -----io---- -system-- ------cpu-----
 r  b   swpd   free   buff  cache   si   so    bi    bo   in   cs us sy id wa st
 2  0      0 2362928 242188 4420020    0    0     0  2372 3079 5294  3  3 93  2  0
 9  4      0 2355096 242188 4424624    0    0     0 17244 15248 37564 22 17 54  7  0
14  1      0 2341856 242188 4428904    0    0     0 13320 13890 57977 42 36 17  5  0
 6  1      0 2341512 242188 4430932    0    0     0 14148 15451 68959 43 36 18  3  0
13  2      0 2339464 242188 4434656    0    0     0 10472 13107 67589 41 37 17  5  0
17  0      0 2335860 242188 4436928    0    0     0  9680 13598 68289 44 35 16  4  0
13  1      0 2329900 242188 4439532    0    0     0 11440 13657 79068 45 36 15  4  0
17  0      0 2328456 242188 4441172    0    0     0  7852 11933 58479 40 39 15  6  0
17  1      0 2320700 242188 4445576    0    0     0 12148 13722 80509 48 39 10  3  0
14  1      0 2319124 242188 4448556    0    0     0 11404 15407 86013 48 38 11  3  0
10  1      0 2318116 242188 4449540    0    0     0  5932 8568 45816 41 38 17  4  0
17  0      0 2320580 242188 4450760    0    0     0  8612 11803 64760 43 39 15  3  0
 9  1      0 2313996 242188 4452396    0    0     0  8280 10458 60362 43 41 13  4  0
12  1      0 2306456 242188 4458568    0    0     0 13092 14796 88050 47 39 11  3  0
13  1      0 2309408 242188 4460964    0    0     0 23432 12297 69712 45 41 11  3  0
 7  1      0 2303680 242188 4463596    0    0     0 10484 11659 70735 48 37 13  3  0
14  0      0 2301764 242188 4465208    0    0     0  8860 11473 71087 48 40 10  2  0
13  1      0 2298928 242188 4466148    0    0     0  7556 8952 55020 41 41 14  3  0
15  1      0 2296020 242188 4470968    0    0     0 12420 13458 80394 46 40 10  4  0
17  0      0 2313764 242188 4453512    0    0     0 25768 13149 75532 45 39 13  3  0
13  1      0 2313240 242188 4455720    0    0     0 10452 14081 77968 44 41 11  3  0
procs -----------memory---------- ---swap-- -----io---- -system-- ------cpu-----
 r  b   swpd   free   buff  cache   si   so    bi    bo   in   cs us sy id wa st
16  1      0 2306308 242188 4457496    0    0     0 13220 14218 75784 50 39 10  2  0
10  0      0 2308884 242188 4459540    0    0     0 10100 13588 78720 46 40 11  3  0
15  0      0 2302068 242188 4463956    0    0     0 11844 14170 87716 49 41  9  1  0
14  0      0 2299812 242188 4466140    0    0     0 10232 14738 76561 49 37 12  2  0
20  1      0 2291256 242188 4467804    0    0     0 10304 14041 66819 49 37 12  2  0
18  1      0 2298716 242188 4469020    0    0     0  9792 13044 73174 48 37 12  4  0
17  0      0 2294924 242188 4472424    0    0     0 12620 17049 83433 45 39 12  3  0
20  0      0 2286332 242188 4476172    0    0     0 11708 14950 105255 52 37  8  3  0
22  0      0 2291668 242188 4482616    0    0     0 16000 14119 80119 49 37 11  2  0
21  1      0 2287636 242188 4483760    0    0     0 10688 15616 79527 47 39 11  3  0
12  0      0 2278744 242188 4485324    0    0     0 10712 13526 74316 48 35 14  3  0
22  0      0 2277496 242188 4486364    0    0     0  8584 10824 54002 40 37 19  5  0
11  0      0 2276908 242188 4487384    0    0     0  8080 11069 55972 44 36 14  6  0
12  0      0 2278700 242188 4488856    0    0     0 10840 14994 79177 47 39 13  2  0
12  0      0 2271860 242188 4490472    0    0     0 11116 14001 83290 46 39 11  4  0
23  0      0 2268484 242188 4492008    0    0     0 13620 14424 78009 50 35 12  3  0
17  1      0 2270428 242188 4493720    0    0     0  8732 10288 53989 44 39 13  3  0
20  1      0 2270268 242188 4494456    0    0     0  6728 12850 90276 52 33 10  4  0
12  0      0 2268476 242188 4496800    0    0     0 20672 13024 67816 49 36 12  3  0
 8  1      0 2267280 242188 4498120    0    0     0  9184 10916 64387 48 36 13  3  0
12  1      0 2266344 242188 4499896    0    0     0  9736 11901 62793 43 40 14  3  0
procs -----------memory---------- ---swap-- -----io---- -system-- ------cpu-----
 r  b   swpd   free   buff  cache   si   so    bi    bo   in   cs us sy id wa st
24  0      0 2268512 242188 4500860    0    0     0  7024 8809 48681 41 44 10  4  0
17  1      0 2265736 242188 4504388    0    0     0 11164 10598 63236 46 41  9  4  0
12  0      0 2260432 242188 4507160    0    0     0 12152 15426 75454 45 39 13  3  0
12  0      0 2251048 242188 4513012    0    0     0 14964 14786 83356 48 37 13  3  0
16  1      0 2247636 242188 4515224    0    0     0 12188 15285 76518 50 35 13  3  0
16  1      0 2249292 242188 4516424    0    0     0  9020 12359 69041 44 40 13  3  0
 9  1      0 2250272 242188 4520804    0    0     0  9460 16226 87220 48 40 11  1  0
 9  0      0 2238972 242188 4529832    0    0     0 16988 13775 81118 49 37 11  4  0
12  1      0 2229468 242188 4534008    0    0     0 10404 14691 81923 49 36 13  2  0
11  1      0 2225084 242188 4540816    0    0     0 17556 14625 84968 51 36 10  2  0
12  0      0 2219764 242188 4542480    0    0     0  9452 13805 82825 48 41  9  2  0
20  1      0 2218244 242188 4543760    0    0     0 10340 17823 97206 50 37 11  2  0
 7  0      0 2219860 242188 4545508    0    0     0 10904 15155 111415 54 37  8  1  0
13  0      0 2216888 242188 4546616    0    0     0 25272 17621 88949 50 37 11  2  0
12  0      0 2211544 242188 4547608    0    0     0 10596 16720 82976 47 41 11  2  0
 8  1      0 2208800 242188 4553228    0    0     0 14512 14685 75157 47 40 12  2  0
17  1      0 2209996 242188 4554680    0    0     0 10320 14133 78926 51 36 11  2  0
17  1      0 2202068 242192 4560408    0    0     0 16288 15726 79962 51 37 11  1  0
13  1      0 2198380 242192 4562028    0    0     0 12916 16150 78363 47 39 12  1  0
 0  0      0 2202044 242196 4563044    0    0     0  8720 9523 44575 27 23 49  1  0
 0  0      0 2201828 242196 4563072    0    0     0  3196  796 1220  0  1 99  1  0
