procs -----------memory---------- ---swap-- -----io---- -system-- ------cpu-----
 r  b   swpd   free   buff  cache   si   so    bi    bo   in   cs us sy id wa st
 4  0      0 3535216  22124 296904    0    0    10     3  392  472  6  2 92  0  0
 0  0      0 3506048  22124 296836    0    0     0     0 1368 1687  1  1 98  0  0
 0  0      0 3506048  22124 296836    0    0     0     0   24   25  0  0 100  0  0
 0  0      0 3505580  22124 296836    0    0     0     0  192  270  0  0 100  0  0
 0  0      0 3505632  22124 296836    0    0     0     0   36   36  0  0 100  0  0
 0  0      0 3503028  22132 296836    0    0     0   996 1862 2366  0  1 99  0  0
 0  0      0 3503028  22132 296836    0    0     0     0   36   29  0  0 100  0  0
 0  0      0 3501480  22132 296836    0    0     0     0 1197 1489  0  1 99  0  0
 0  0      0 3501560  22132 296836    0    0     0     0   42   40  0  0 100  0  0
 0  0      0 3498312  22132 296836    0    0     0     0  790 1057  0  1 99  0  0
 4  0      0 3460428  22140 296836    0    0     0    96 9956 12120 24  9 67  0  0
 4  0      0 3451060  22140 296840    0    0     0     0 11595 13496 33  9 58  0  0
 1  0      0 3443184  22140 296844    0    0     0     0 11783 13571 30 11 59  0  0
 1  0      0 3438488  22140 296848    0    0     0     0 12269 14715 33  8 59  0  0
 1  0      0 3432604  22140 296852    0    0     0     0 12283 14758 33 10 58  0  0
 2  0      0 3429188  22148 296776    0    0     0    36 11506 13756 32  9 59  0  0
 1  0      0 3425808  22148 296780    0    0     0     4 11164 12994 33  9 58  0  0
 1  0      0 3421164  22148 296816    0    0     0     0 12212 14472 33  9 58  0  0
 2  0      0 3419600  22148 296836    0    0     0     0 12269 14309 33  9 58  0  0
 3  0      0 3416084  22148 296872    0    0     0     0 11905 13910 33  8 60  0  0
 2  0      0 3413504  22156 296888    0    0     0    48 12319 14802 32  9 58  0  0
procs -----------memory---------- ---swap-- -----io---- -system-- ------cpu-----
 r  b   swpd   free   buff  cache   si   so    bi    bo   in   cs us sy id wa st
 4  0      0 3410300  22156 296908    0    0     0     0 11658 14104 33  9 58  0  0
 2  0      0 3408268  22156 296928    0    0     0     4 12330 14840 34  7 59  0  0
 1  0      0 3405068  22156 296900    0    0     0     0 12342 14760 33 10 57  0  0
 2  0      0 3404376  22156 296904    0    0     0     0 12820 15363 32  8 59  0  0
 2  0      0 3403312  22164 296908    0    0     0    64 12400 14814 33  9 59  0  0
 3  0      0 3400344  22164 296944    0    0     0     0 11008 13008 34 10 56  0  0
 1  0      0 3399320  22164 296980    0    0     0     0 12578 15624 35 10 55  0  0
 4  0      0 3395836  22164 296984    0    0     0     4 13158 15905 34  8 58  0  0
 1  0      0 3392408  22164 296988    0    0     0     0 12448 15215 35  8 57  0  0
 2  0      0 3392088  22172 297008    0    0     0    44 12128 14552 31  8 61  0  0
 2  0      0 3392168  22172 297012    0    0     0     0 11605 13715 31  9 60  0  0
 1  0      0 3389456  22172 297016    0    0     0     0 12452 15649 35  7 58  0  0
 2  0      0 3387680  22172 297036    0    0     0     0 11885 14546 33  9 58  0  0
 2  0      0 3384572  22172 297056    0    0     0     4 11662 13711 32 12 56  0  0
 3  0      0 3383836  22180 297060    0    0     0    72 11291 13475 33  9 58  0  0
 2  0      0 3383412  22180 297060    0    0     0     0 7556 8752 32  8 61  0  0
 1  0      0 3383528  22180 297072    0    0     0     0 10687 12738 31  9 60  0  0
 1  0      0 3383352  22180 297080    0    0     0     0 11376 13814 34  9 58  0  0
 3  0      0 3381460  22180 297084    0    0     0     0 11851 14615 34 10 57  0  0
 3  0      0 3381048  22188 297104    0    0     0    48 11774 14524 35  8 57  0  0
 4  0      0 3379724  22188 297112    0    0     0     0 10938 13410 34  8 58  0  0
procs -----------memory---------- ---swap-- -----io---- -system-- ------cpu-----
 r  b   swpd   free   buff  cache   si   so    bi    bo   in   cs us sy id wa st
 3  0      0 3378464  22188 297132    0    0     0     0 12431 15033 33  9 58  0  0
 1  0      0 3375412  22188 297152    0    0     0     0 12322 15070 34  9 57  0  0
 1  0      0 3373788  22188 297180    0    0     0     0 13102 15621 33 10 57  0  0
 4  0      0 3372808  22196 297212    0    0     0    36 11504 14092 33 10 56  0  0
 2  0      0 3372636  22196 297224    0    0     0    32 11743 14401 34  7 59  0  0
 1  0      0 3374040  22196 297232    0    0     0     0 12725 15542 35  9 55  0  0
 3  0      0 3373820  22196 297236    0    0     0     0 13467 15735 34  8 57  0  0
 2  0      0 3373336  22196 297244    0    0     0     0 12502 15293 34  9 57  0  0
 4  0      0 3374812  22204 297172    0    0     0    28 12433 15021 34  8 58  0  0
 1  0      0 3374660  22204 297136    0    0     0    20 11106 13731 32  9 59  0  0
 4  0      0 3374032  22204 297140    0    0     0     4 12484 15217 32  9 59  0  0
 1  0      0 3372820  22204 297144    0    0     0     0 13277 16151 33 10 58  0  0
 2  0      0 3372816  22204 297132    0    0     0     0 12740 15164 31 10 59  0  0
 1  0      0 3374164  22204 297132    0    0     0     0 12579 15217 34  8 58  0  0
 2  0      0 3373468  22212 297140    0    0     0    60 11453 13902 34  8 58  0  0
 1  0      0 3373456  22212 297144    0    0     0     0 12546 15484 32 10 58  0  0
 1  0      0 3372924  22212 297172    0    0     0     4 12937 15446 34  7 59  0  0
 1  0      0 3373316  22212 297176    0    0     0     0 12523 15390 35  9 57  0  0
 4  0      0 3373876  22212 297176    0    0     0     0 12274 14758 33  9 58  0  0
 2  0      0 3372492  22220 297180    0    0     0    48 11483 13678 32 10 58  0  0
 2  0      0 3372032  22220 297184    0    0     0     0 12028 14731 33  9 58  0  0
procs -----------memory---------- ---swap-- -----io---- -system-- ------cpu-----
 r  b   swpd   free   buff  cache   si   so    bi    bo   in   cs us sy id wa st
 2  0      0 3373244  22220 297188    0    0     0     0 11557 13989 33  8 59  0  0
 1  0      0 3373448  22220 297192    0    0     0     4 12976 15199 31  8 62  0  0
 2  0      0 3373048  22220 297196    0    0     0     0 12356 15189 33  9 59  0  0
 1  0      0 3372496  22228 297184    0    0     0    48 12118 14358 31  8 60  0  0
 1  0      0 3374084  22228 297188    0    0     0     0 11757 14548 34  9 57  0  0
 1  0      0 3373232  22228 297188    0    0     0     0 11927 13963 34  8 57  0  0
 2  0      0 3372296  22228 297192    0    0     0     0 10326 12551 33  8 58  0  0
 1  0      0 3531940  22228 297136    0    0     0    12 13654 24625 22  9 69  0  0
