procs -----------memory---------- ---swap-- -----io---- -system-- ------cpu-----
 r  b   swpd   free   buff  cache   si   so    bi    bo   in   cs us sy id wa st
 2  2      0 193576 238516 6340096    0    0    24  1356 1119  675 12  9 77  2  0
 1  1      0 339132 238516 6203200    0    0     4 19152 14677 27933  2  9 73 17  0
 1  1      0 338880 238516 6203620    0    0     0 19308 17387 33383  1  6 75 19  0
 0  2      0 335884 238516 6204060    0    0     0 19432 15767 29811  1  5 75 19  0
 0  2      0 334344 238516 6216436    0    0     0 35096 16376 31104  3  5 73 19  0
 0  1      0 275656 238516 6240840    0    0    84 45820 21770 39994  9  9 68 14  0
 6  0      0 275692 238516 6240864    0    0    36  4008 6324 11524  1  1 96  1  0
 4  0      0 274684 238520 6240868    0    0     4  3656  787 1408  0  2 97  1  0
 2  0      0 274712 238520 6241068    0    0     0  5536 5337 9210  2  3 93  3  0
 3  0      0 274712 238520 6241068    0    0     0  6976 1174 2263  1  1 96  2  0
10  0      0 265748 238520 6246060    0    0     0 13480 11249 28905 13 10 72  4  0
24  0      0 257944 238520 6251956    0    0     0 25788 17978 67233 40 35 20  6  0
24  0      0 244144 238524 6260688    0    0     0 23864 17019 65163 41 42 13  5  0
14  0      0 260332 238540 6242092    0    0    16 36216 17645 73443 41 38 16  5  0
 9  0      0 250024 238540 6251264    0    0     0 22460 17169 84862 43 38 14  5  0
21  0      0 251000 238540 6255664    0    0     0 23420 15989 81702 43 40 13  4  0
19  0      0 240760 238540 6266764    0    0     0 26392 16964 72368 45 36 14  5  0
18  0      0 228848 238540 6269980    0    0     0 19168 17217 73961 42 39 13  6  0
13  0      0 230084 238540 6273188    0    0     0 19088 17862 78228 40 41 14  6  0
14  0      0 223204 238540 6276496    0    0     0 19544 17906 89096 41 40 14  6  0
17  1      0 213904 238540 6286100    0    0     0 27088 16719 80652 44 39 12  4  0
procs -----------memory---------- ---swap-- -----io---- -system-- ------cpu-----
 r  b   swpd   free   buff  cache   si   so    bi    bo   in   cs us sy id wa st
12  1      0 204056 238540 6289360    0    0     0 18928 15844 87410 45 38 12  5  0
17  1      0 208584 238540 6292324    0    0     0 18848 16399 88429 47 36 13  4  0
11  0      0 200756 238540 6295080    0    0     0 19472 17314 86581 42 41 12  5  0
22  0      0 203264 238540 6297468    0    0     0 18872 16878 87572 43 41 12  4  0
18  0      0 197040 238540 6299980    0    0     0 19124 17012 92457 44 43 10  4  0
11  2      0 187880 238540 6309320    0    0     4 49764 16726 79964 45 37 13  6  0
 7  0      0 182264 238540 6313908    0    0     0 19184 15742 86622 47 36 11  5  0
10  1      0 177160 238540 6319444    0    0     0 20144 16405 103591 48 39  9  4  0
18  0      0 165404 238540 6328356    0    0     4 20216 16683 92902 49 38  9  4  0
18  0      0 153260 238540 6340376    0    0     0 27348 16430 90626 44 41 10  5  0
10  0      0 150984 238540 6349128    0    0     4 20708 16068 88802 45 39 11  5  0
19  2      0 135360 238540 6356208    0    0     0 19860 15420 110193 48 41  8  4  0
10  2      0 121824 238540 6369704    0    0     4 26888 16535 108323 50 42  6  2  0
18  1      0 117232 238328 6366488    0    0   128 27184 15730 85267 43 41 12  5  0
 9  1      0 129056 238124 6362560    0    0   800 18564 15794 83324 47 36 11  5  0
10  1      0 125468 238052 6364784    0    0   244 23196 13354 75080 43 39 12  6  0
14  0      0 129020 238024 6360640    0    0   136 15192 13352 81680 45 37 13  4  0
 9  1      0 121888 238024 6363604    0    0     4 17104 15218 80493 42 40 13  5  0
13  0      0 129632 237944 6363304    0    0     4 59320 15566 87075 42 41 12  5  0
21  0      0 124532 237916 6364476    0    0     4 22708 15150 101869 46 39 10  4  0
12  1      0 120132 237916 6365020    0    0     0 18292 15613 84666 44 40 11  5  0
procs -----------memory---------- ---swap-- -----io---- -system-- ------cpu-----
 r  b   swpd   free   buff  cache   si   so    bi    bo   in   cs us sy id wa st
11  0      0 120252 237916 6366096    0    0     4 19384 14821 90221 43 41 11  4  0
 9  1      0 115404 237916 6366960    0    0     0 19728 16832 83861 41 42 11  5  0
17  0      0 118156 237916 6365708    0    0     4 23408 17005 90687 45 40 11  4  0
24  1      0 131332 237916 6362156    0    0     0 18192 16812 83306 44 41 11  4  0
17  1      0 122920 237916 6366584    0    0     0 18436 16226 101425 50 38  9  4  0
17  1      0 123476 237916 6365808    0    0     4 16756 15358 91872 46 35 14  5  0
10  0      0 119636 237916 6374000    0    0     0 22900 16963 93873 42 41 12  5  0
 8  2      0 124912 237916 6367452    0    0     4 18412 15740 95817 43 41 12  4  0
18  0      0 122828 237916 6371540    0    0     0 19756 16355 92121 44 39 12  4  0
14  1      0 115832 237916 6373040    0    0     4 22224 15021 92163 43 39 13  5  0
17  1      0 116476 237916 6372940    0    0     0 17748 15534 94197 43 42 10  5  0
12  0      0 120520 237916 6373808    0    0     0 18724 17236 94648 47 37 11  5  0
17  1      0 113240 237916 6373960    0    0     4 18028 16553 95060 45 38 14  4  0
15  0      0 111608 237916 6376956    0    0     0 35192 16901 88231 44 40 11  5  0
15  1      0 114024 237916 6369192    0    0     4 23060 16028 83694 44 38 13  5  0
 8  1      0 109712 237916 6372108    0    0     0 17648 15046 100582 48 38 10  4  0
10  1      0 115804 237916 6375772    0    0     4 23368 16703 98617 43 39 13  5  0
18  0      0 105440 237916 6379756    0    0     0 19920 16810 83473 45 35 15  5  0
10  1      0 110604 237916 6374268    0    0     0 20532 16082 96967 45 41 10  4  0
12  1      0 112020 237916 6378180    0    0     4 20136 15462 88557 44 39 12  5  0
11  0      0 111196 237916 6379492    0    0     0 23748 16428 82898 44 38 12  6  0
procs -----------memory---------- ---swap-- -----io---- -system-- ------cpu-----
 r  b   swpd   free   buff  cache   si   so    bi    bo   in   cs us sy id wa st
18  0      0 111736 237916 6377228    0    0     0 44144 16708 83720 44 38 14  4  0
14  1      0 112640 237920 6369672    0    0     0 19616 15539 92992 43 40 12  5  0
 6  1      0 105800 237908 6373232    0    0     0 46984 16563 87226 44 36 14  5  0
 6  1      0 173168 237920 6311500    0    0    12 21484 16355 91563 45 38 13  4  0
20  1      0 171232 237920 6313984    0    0     0 18344 15086 93690 45 38 12  5  0
18  1      0 171384 237920 6316024    0    0     0 18132 16066 85247 46 34 14  6  0
11  1      0 167616 237920 6318424    0    0     0 18644 16183 89136 43 43 10  4  0
 0  0      0 169804 237920 6320796    0    0     0 13616 9747 59937 29 31 37  4  0
 7  0      0 166976 237920 6323568    0    0  3236  5708 2052 3806  2  3 94  2  0
