procs -----------memory---------- ---swap-- -----io---- -system-- ------cpu-----
 r  b   swpd   free   buff  cache   si   so    bi    bo   in   cs us sy id wa st
 2  0      0 3537988  19792 295380    0    0    15     3  224  257  5  2 93  0  0
 0  0      0 3512316  19792 295428    0    0     0     0 1116 1566  1  2 98  0  0
 7  0      0 3511812  19792 295424    0    0     0     0   45   43  0  0 100  0  0
 0  0      0 3509796  19804 295412    0    0     0    68  198  313  0  0 100  0  0
 0  0      0 3510232  19804 295412    0    0     0  1032  177  341  0  0 100  0  0
 0  0      0 3509880  19804 295424    0    0     0    12 1095 1313  1  1 99  0  0
 0  0      0 3505076  19804 295424    0    0     0     8  829 1090  0  1 99  0  0
 0  0      0 3505188  19804 295424    0    0     0     0   62   51  0  0 100  0  0
 0  0      0 3502892  19804 295424    0    0     0    20 1207 1508  0  2 98  0  0
 0  0      0 3503020  19812 295424    0    0     0    44   50   43  0  0 100  0  0
 1  0      0 3482440  19812 295424    0    0     0     0 3794 5139  8  3 88  0  0
 2  0      0 3454808  19812 295424    0    0     0     0 7185 7918 28  9 63  0  0
 1  0      0 3451200  19812 295428    0    0     0     0 7094 8082 31  8 61  0  0
 1  0      0 3448972  19812 295428    0    0     0    28 7412 8291 30  8 61  0  0
 3  0      0 3449948  19812 295444    0    0     0     0 7534 8162 29  9 62  0  0
 2  0      0 3444944  19820 295400    0    0     0    28 7650 8359 28  9 63  0  0
 2  0      0 3441436  19820 295400    0    0     0     0 7213 8252 31  7 62  0  0
 1  0      0 3438408  19820 295400    0    0     0     0 8005 8782 29  9 62  0  0
 1  0      0 3439764  19820 295400    0    0     0     0 5748 6446 29  8 63  0  0
 1  0      0 3438588  19820 295404    0    0     0     0 6794 7532 30  9 61  0  0
 2  0      0 3437612  19828 295404    0    0     0    36 6269 7226 31  8 61  0  0
procs -----------memory---------- ---swap-- -----io---- -system-- ------cpu-----
 r  b   swpd   free   buff  cache   si   so    bi    bo   in   cs us sy id wa st
 1  0      0 3436944  19828 295404    0    0     0     4 6980 8082 31  8 61  0  0
 1  0      0 3436104  19828 295404    0    0     0     0 7176 8102 28 12 60  0  0
 1  0      0 3437740  19828 295408    0    0     0     0 7071 7961 30  8 62  0  0
 2  0      0 3435368  19828 295408    0    0     0     0 6076 7024 30  9 60  0  0
 1  0      0 3435524  19836 295408    0    0     0    24 6792 7599 29  9 62  0  0
 3  0      0 3435232  19836 295412    0    0     0    12 7357 8782 31  8 61  0  0
 3  0      0 3431228  19836 295412    0    0     0     4 7523 8877 31  8 61  0  0
 1  0      0 3431656  19836 295416    0    0     0     0 6385 7509 31  8 61  0  0
 5  0      0 3429000  19836 295420    0    0     0     0 6381 7480 29  9 62  0  0
 3  0      0 3429200  19844 295424    0    0     0    20 6646 7942 30  9 61  0  0
 2  0      0 3429152  19844 295432    0    0     0    12 7011 8363 31  8 61  0  0
 1  0      0 3427744  19844 295456    0    0     0     0 6947 8053 30  9 61  0  0
 1  0      0 3428448  19844 295456    0    0     0     4 7006 8178 30  8 62  0  0
 4  0      0 3426964  19844 295448    0    0     0     0 6305 7459 29  8 63  0  0
 5  0      0 3427288  19844 295452    0    0     0     0 6067 6951 30  8 61  0  0
 1  0      0 3425644  19852 295452    0    0     0    32 7127 8209 31  8 62  0  0
 1  0      0 3425424  19852 295456    0    0     0     0 7607 8739 30  7 63  0  0
 1  0      0 3423676  19852 295456    0    0     0     0 7363 8630 30  8 62  0  0
 2  0      0 3424800  19852 295456    0    0     0     4 5296 5869 29  7 64  0  0
 1  0      0 3424768  19852 295460    0    0     0     0 6925 8202 30 10 60  0  0
 1  0      0 3424436  19860 295464    0    0     0    60 7237 8543 31  7 61  0  0
procs -----------memory---------- ---swap-- -----io---- -system-- ------cpu-----
 r  b   swpd   free   buff  cache   si   so    bi    bo   in   cs us sy id wa st
 1  0      0 3424604  19860 295468    0    0     0     0 7536 8911 31  7 62  0  0
 2  0      0 3422260  19860 295472    0    0     0     0 7824 9069 31  9 60  0  0
 1  0      0 3424148  19860 295476    0    0     0     0 6566 7455 31  8 61  0  0
 4  0      0 3425376  19860 295480    0    0     0     8 7199 8308 32  8 60  0  0
 2  0      0 3425080  19868 295472    0    0     0    24 7313 8611 31 10 59  0  0
 3  0      0 3423360  19868 295476    0    0     0    12 7859 9180 31 11 58  0  0
 1  0      0 3425740  19868 295476    0    0     0     0 8185 9564 29  9 62  0  0
 1  0      0 3422920  19868 295476    0    0     0     0 7131 8174 31  9 61  0  0
 1  0      0 3421592  19868 295480    0    0     0     0 6738 7954 32  8 60  0  0
 1  0      0 3421964  19876 295480    0    0     0    28 7482 8256 30 10 60  0  0
 1  0      0 3419188  19876 295440    0    0     0     8 5403 6262 31  8 60  0  0
 2  0      0 3421556  19876 295420    0    0     0     0 6049 6966 30  7 64  0  0
 2  0      0 3419660  19876 295424    0    0     0     0 6195 7165 30  9 61  0  0
 1  0      0 3421984  19876 295440    0    0     0     0 6412 7187 30  9 62  0  0
 1  0      0 3422604  19884 295424    0    0     0    24 4791 5478 27  7 66  1  0
 1  0      0 3422700  19884 295424    0    0     0     4 5863 6826 28  9 63  0  0
 4  0      0 3422612  19884 295424    0    0     0     8 6912 7756 29  8 64  0  0
 1  0      0 3422468  19884 295432    0    0     0     0 7464 8665 31  8 60  0  0
 1  0      0 3421420  19884 295448    0    0     0     0 8029 9335 32  9 59  0  0
 2  0      0 3423164  19892 295452    0    0     0    24 7146 8545 31 10 59  0  0
 4  0      0 3421068  19892 295476    0    0     0    12 7238 8410 31  9 60  0  0
procs -----------memory---------- ---swap-- -----io---- -system-- ------cpu-----
 r  b   swpd   free   buff  cache   si   so    bi    bo   in   cs us sy id wa st
 3  0      0 3419172  19892 295496    0    0     0     4 6903 7855 32  9 59  0  0
 1  0      0 3420844  19892 295512    0    0     0    12 6678 7625 30  9 61  0  0
 3  0      0 3421260  19892 295516    0    0     0     0 6812 8136 32  9 58  0  0
 1  0      0 3421412  19892 295532    0    0     0     0 7651 8903 31  8 61  0  0
 1  0      0 3420648  19900 295556    0    0     0    24 7288 8337 27  9 63  0  0
 2  0      0 3419260  19900 295560    0    0     0     0 6612 7818 31  8 61  0  0
 3  0      0 3418136  19900 295576    0    0     0    16 6078 6853 31  8 61  0  0
 0  0      0 3539396  19900 295532    0    0     0     4 6494 8032 22  6 72  0  0
