procs -----------memory---------- ---swap-- -----io---- -system-- ------cpu-----
 r  b   swpd   free   buff  cache   si   so    bi    bo   in   cs us sy id wa st
 2  0      0 1263600 244732 5458172    0    0    34  1131 1026  637 11  8 79  2  0
 0  1      0 1368504 244736 5360100    0    0     0 19908 14063 26804  3  5 75 17  0
 0  0      0 1364248 244736 5360396    0    0     0 18860 16898 32475  2  4 75 19  0
 0  1      0 1364248 244736 5360856    0    0     0 18344 16480 31568  1  6 75 19  0
 0  1      0 1355244 244736 5373460    0    0     0 33068 15435 29286  2  6 74 19  0
 1  0      0 1294268 244736 5396148    0    0     0 43668 20485 37901  8  8 69 15  0
 0  0      0 1292504 244736 5396208    0    0     0  5336 10064 18129  4  3 90  3  0
 1  0      0 1292504 244736 5396212    0    0     0  3048  599 1027  0  1 98  1  0
 1  0      0 1290236 244736 5396548    0    0     0  4668 5784 10021  3  3 92  3  0
 1  0      0 1290236 244736 5396548    0    0     0  6992 1093 2108  0  1 97  2  0
 2  0      0 1287532 244736 5396580    0    0     0  3628 5751 9904  3  3 92  3  0
12  1      0 1274020 244736 5404540    0    0     0 25268 15159 57966 38 29 25  8  0
12  1      0 1259268 244736 5408028    0    0     0 12812 13753 69182 39 38 16  6  0
14  0      0 1252416 244736 5410936    0    0     0 11688 13224 59468 42 37 16  6  0
20  0      0 1248220 244736 5415804    0    0     0 14360 12474 58004 43 36 16  5  0
17  1      0 1245448 244736 5419232    0    0     0 27600 12276 60203 44 39 13  5  0
15  1      0 1246400 244736 5421852    0    0     0 13284 12424 56017 44 35 16  5  0
13  1      0 1234552 244736 5426288    0    0     0 14752 13118 68077 46 36 13  5  0
 9  1      0 1230416 244744 5429560    0    0     0 11376 10505 51207 44 36 12  8  0
22  0      0 1227500 244744 5434388    0    0     0 13380 11169 65769 41 40 15  5  0
12  2      0 1225784 244744 5436708    0    0     0 15500 9496 64923 39 38 15  7  0
procs -----------memory---------- ---swap-- -----io---- -system-- ------cpu-----
 r  b   swpd   free   buff  cache   si   so    bi    bo   in   cs us sy id wa st
 5  1      0 1217772 244744 5441584    0    0     0 17340 11690 70817 42 38 13  7  0
10  1      0 1212724 244744 5445836    0    0     0 12712 11695 82637 43 40 12  5  0
14  1      0 1211664 244744 5448060    0    0     0 12044 11111 70049 44 38 12  6  0
12  1      0 1205760 244744 5449760    0    0     0 11060 10172 72663 44 39 13  4  0
12  1      0 1201728 244744 5453936    0    0     0 13688 11410 68197 41 38 15  6  0
17  0      0 1205760 244744 5456876    0    0     0 12536 11223 73734 49 35 11  5  0
17  2      0 1197088 244748 5458412    0    0     0 11880 12418 73084 47 37 12  5  0
12  1      0 1191988 244748 5459920    0    0     0 10736 10384 65459 45 36 12  6  0
13  0      0 1196344 244748 5463416    0    0     0 12496 11001 74753 46 39 10  4  0
 8  0      0 1195240 244748 5466360    0    0     0 11016 10169 74759 44 38 13  5  0
13  1      0 1185872 244748 5467912    0    0     0 19460 11288 76652 51 34 10  5  0
11  1      0 1189664 244748 5470380    0    0     0 12604 10009 74708 43 37 14  6  0
12  2      0 1185392 244752 5474496    0    0     0 13980 11875 79238 48 36 11  5  0
14  0      0 1182764 244752 5477448    0    0     0 11768 10735 78777 43 39 11  6  0
19  0      0 1197804 244752 5451024    0    0     0 43304 10495 72963 41 41 11  7  0
20  0      0 1198140 244752 5454076    0    0     0 12128 10093 68305 42 38 14  6  0
16  1      0 1190080 244752 5457128    0    0     0 12676 12220 75239 46 38 11  5  0
12  1      0 1187484 244752 5459160    0    0     0 12376 11826 77005 48 35 12  5  0
11  1      0 1190644 244752 5460332    0    0     0  9428 8598 72688 41 38 16  6  0
12  1      0 1179436 244752 5461564    0    0     0 10052 10679 76060 47 37 13  4  0
18  1      0 1191152 244752 5462696    0    0     0 10928 10775 74024 45 37 13  5  0
procs -----------memory---------- ---swap-- -----io---- -system-- ------cpu-----
 r  b   swpd   free   buff  cache   si   so    bi    bo   in   cs us sy id wa st
15  0      0 1193036 244752 5463580    0    0     0 10336 10617 75231 42 38 14  6  0
 7  1      0 1184936 244752 5465148    0    0     0 11392 11022 81090 43 42 11  3  0
15  2      0 1184592 244752 5466460    0    0     0 10720 10851 72639 42 40 14  5  0
14  1      0 1171284 244752 5469188    0    0     0 11232 10111 68355 38 45 12  4  0
11  1      0 1180564 244752 5471212    0    0     0 11008 10906 86347 40 41 13  5  0
10  1      0 1179144 244752 5472768    0    0     0 13088 11954 77792 45 39 12  4  0
22  0      0 1161924 244752 5478420    0    0     0 16316 12324 81434 48 34 14  5  0
15  1      0 1167572 244752 5485448    0    0     0 14652 11142 78546 45 39 12  4  0
17  1      0 1167804 244752 5487548    0    0     0 11084 10560 80495 46 35 10  8  0
13  1      0 1156144 244752 5489624    0    0     0 20180 11331 89998 41 39 14  6  0
19  0      0 1158216 244752 5491380    0    0     0 10792 10150 64905 40 41 12  6  0
12  1      0 1144208 244752 5499908    0    0     0 16008 9116 77520 39 38 18  6  0
 9  1      0 1145752 244752 5501528    0    0     0  9268 9460 76304 38 42 13  8  0
 1  4      0 1147896 244752 5507060    0    0     0 14448 9645 68448 35 41 17  8  0
16  1      0 1144636 244752 5508552    0    0     0 21264 8850 66233 37 41 15  7  0
16  0      0 1140148 244752 5510172    0    0     0  9160 8755 72543 36 41 14  9  0
17  0      0 1140644 244752 5511940    0    0     0 10912 10708 77651 41 37 13  9  0
15  0      0 1132736 244752 5516484    0    0     0 10604 10134 72284 45 36 13  6  0
 6  0      0 1136696 244756 5517764    0    0     0 11684 11259 75026 45 35 16  5  0
20  1      0 1137548 244756 5519568    0    0     0 10748 11301 72196 43 38 15  4  0
13  1      0 1125636 244760 5525068    0    0     0 14208 11010 73143 45 36 13  7  0
procs -----------memory---------- ---swap-- -----io---- -system-- ------cpu-----
 r  b   swpd   free   buff  cache   si   so    bi    bo   in   cs us sy id wa st
14  1      0 1118948 244760 5527096    0    0     0  9968 10147 70531 42 38 15  5  0
 8  1      0 1117868 244760 5531120    0    0     0 10904 11889 80102 41 40 12  7  0
 8  1      0 1114088 244760 5533700    0    0     0 11368 11352 64963 40 40 15  5  0
12  2      0 1102916 244760 5539436    0    0     0 15808 11318 75017 48 35 11  6  0
 7  0      0 1107552 244760 5541652    0    0     0 12288 11681 77954 43 37 13  7  0
 5  2      0 1101488 244760 5543932    0    0     0 11556 11471 71895 45 36 15  4  0
15  1      0 1104528 244760 5545348    0    0     0  9588 10360 70520 41 37 15  7  0
 8  1      0 1098828 244760 5546592    0    0     0 12256 12215 67233 45 37 12  6  0
 0  0      0 1105360 244760 5546828    0    0     0  3512 1465 3830  1  2 95  1  0
