procs -----------memory---------- ---swap-- -----io---- -system-- ------cpu-----
 r  b   swpd   free   buff  cache   si   so    bi    bo   in   cs us sy id wa st
 2  0      0 3072320  36852 705024    0    0     6    19  217  270  3  1 96  0  0
 0  0      0 3046456  36852 705168    0    0     0     0  751 1226  1  1 98  0  0
 1  0      0 3039528  36852 705168    0    0     0     0 1821 2419  0  1 98  0  0
 0  0      0 3039528  36852 705168    0    0     0     0   33   29  0  0 100  0  0
 0  0      0 3038748  36852 705168    0    0     0     0 1014 1420  0  1 99  0  0
 0  0      0 3038812  36860 705168    0    0     0  1040  139  166  0  0 100  0  0
 1  0      0 3019972  36860 705168    0    0     0     8 2739 4147  2  2 96  0  0
 3  0      0 2991536  36860 705044    0    0     0     0 9649 11145 30 10 59  0  0
 2  0      0 2979772  36860 705052    0    0     0     0 9312 10706 38  9 53  0  0
 1  0      0 2971268  36860 705060    0    0     0     0 10730 12005 38 11 52  0  0
 1  0      0 2963368  36868 705096    0    0     0   100 9373 10907 36  9 55  0  0
 1  0      0 2953164  36868 705168    0    0     0     4 10699 12161 35 12 53  0  0
 3  0      0 2947168  36868 705236    0    0     0    40 8728 9743 37  8 55  0  0
 4  0      0 2944280  36868 705324    0    0     0     0 9909 11137 39 10 52  0  0
 1  0      0 2935444  36868 705364    0    0     0     0 10403 11943 36 12 52  0  0
 4  0      0 2933484  36876 705384    0    0     0    20 10296 11218 37 10 52  0  0
 4  0      0 2928976  36876 705444    0    0     0     0 13275 15083 40 10 51  0  0
 3  0      0 2922536  36876 705496    0    0     0    48 13105 14705 39 10 51  0  0
 3  0      0 2918536  36876 705536    0    0     0     0 13238 14728 38 11 50  0  0
 4  0      0 2915624  36876 705592    0    0     0     0 13459 15270 39 10 52  0  0
 4  0      0 2909316  36884 705648    0    0     0    36 12469 14155 40  9 51  0  0
procs -----------memory---------- ---swap-- -----io---- -system-- ------cpu-----
 r  b   swpd   free   buff  cache   si   so    bi    bo   in   cs us sy id wa st
 2  0      0 2901464  36884 705676    0    0     0     0 12174 13512 40  9 52  0  0
 2  0      0 2898508  36884 705712    0    0     0    44 11810 13298 38 10 52  0  0
 4  0      0 2896304  36884 705736    0    0     0     4 12109 13532 40 10 51  0  0
 3  0      0 2892504  36884 705776    0    0     0     0 12632 14209 41  9 50  0  0
 4  0      0 2885040  36892 705800    0    0     0    20 12484 13999 39  9 51  0  0
 4  0      0 2882368  36892 705804    0    0     0     0 12258 13832 38 11 50  0  0
 2  0      0 2881012  36892 705828    0    0     0    40 13110 14463 39 10 51  0  0
 2  0      0 2878596  36892 705884    0    0     0     0 12291 14023 38 10 52  0  0
 4  0      0 2872524  36892 705888    0    0     0     4 13487 14914 40  9 51  0  0
 4  0      0 2870568  36904 705912    0    0     0    28 13029 14524 40  8 52  0  0
 2  0      0 2871088  36904 705952    0    0     0    28 12544 14375 40 10 50  0  0
 1  0      0 2868060  36904 706004    0    0     0    52 12049 13816 41 10 49  0  0
 2  0      0 2860764  36904 706032    0    0     0     0 12578 14148 38 11 51  0  0
 2  0      0 2858336  36904 706092    0    0     0     0 12767 14388 41  9 51  0  0
 2  0      0 2854828  36912 706148    0    0     0    40 12937 14216 42 10 48  0  0
 4  0      0 2851424  36912 706200    0    0     0     0 12849 14604 38 12 49  0  0
 3  0      0 2849804  36912 706264    0    0     0   116 12245 13609 40 10 50  0  0
 3  0      0 2844420  36912 706360    0    0     0     0 13012 14542 42 10 48  0  0
 1  0      0 2836056  36912 706412    0    0     0     0 13054 14972 38 10 52  0  0
 1  0      0 2829628  36924 706496    0    0     0    28 12460 14129 42 11 48  0  0
 3  0      0 2826400  36924 706560    0    0     0    32 12897 14299 42 10 48  0  0
procs -----------memory---------- ---swap-- -----io---- -system-- ------cpu-----
 r  b   swpd   free   buff  cache   si   so    bi    bo   in   cs us sy id wa st
 2  0      0 2826144  36924 706600    0    0     0     0 12247 13895 40 11 49  0  0
 4  0      0 2824792  36924 706676    0    0     0     0 13304 15169 41 10 49  0  0
 2  0      0 2823608  36924 706740    0    0     0     0 11859 13604 42  9 49  0  0
 4  0      0 2820096  36932 706764    0    0     0    12 13061 14604 37 11 53  0  0
 4  0      0 2817452  36932 706864    0    0     0     0 13818 15359 39 11 49  0  0
 2  0      0 2813480  36932 706916    0    0     0     8 13616 15244 39 12 49  0  0
 1  0      0 2811024  36932 707028    0    0     0     0 12873 14502 42  9 49  0  0
 3  0      0 2811036  36932 707064    0    0     0     0 12849 14364 38  9 52  0  0
 1  0      0 2810804  36940 707120    0    0     0    20 13482 15487 39 11 50  0  0
 2  0      0 2810264  36940 707192    0    0     0     0 14041 15699 42 10 48  0  0
 3  0      0 2808032  36940 707244    0    0     0     0 12366 13885 40  9 50  0  0
 1  0      0 2806100  36940 707280    0    0     0     4 14849 16248 41 10 49  0  0
 2  0      0 2806572  36940 707344    0    0     0     0 12812 14737 39 10 52  0  0
 4  0      0 2806720  36948 707400    0    0     0    20 13164 14657 39 10 51  0  0
 4  0      0 2804168  36948 707476    0    0     0     0 12852 14951 39 11 51  0  0
 1  0      0 2802652  36948 707548    0    0     0     0 12259 14026 41  9 50  0  0
 2  0      0 2803904  36948 707588    0    0     0     0 12825 14451 44  9 47  0  0
 1  0      0 2802484  36948 707628    0    0     0     4 12719 14298 40 10 50  0  0
 3  0      0 2800032  36956 707676    0    0     0    12 12101 13836 39 10 50  0  0
 1  0      0 2799908  36956 707700    0    0     0     0 11180 12569 37 10 53  0  0
 2  0      0 2797624  36956 707716    0    0     0     0 11558 12681 37 11 52  0  0
procs -----------memory---------- ---swap-- -----io---- -system-- ------cpu-----
 r  b   swpd   free   buff  cache   si   so    bi    bo   in   cs us sy id wa st
 4  0      0 2796684  36956 707716    0    0     0     0 10864 12099 41 11 48  0  0
 4  0      0 2801488  36956 707728    0    0     0     0 10722 11897 40 10 50  0  0
 1  0      0 2806224  36964 707728    0    0     0    16 10411 11160 39  9 52  0  0
 4  0      0 2809172  36964 707676    0    0     0     0 12071 15356 40 11 49  0  0
 1  0      0 3058568  36964 706540    0    0     0     4 30799 62907 44 16 40  0  0
