procs -----------memory---------- ---swap-- -----io---- -system-- ------cpu-----
 r  b   swpd   free   buff  cache   si   so    bi    bo   in   cs us sy id wa st
 2  0      0 6389852  64812 869468    0    0   114   265  344  766  3  2 95  0  0
 1  0      0 6577144  66232 674124    0    0    96 43732 21372 40213  5  7 76 11  0
 2  0      0 6523816  66680 685480    0    0     0 25112 18874 34533  9  6 82  3  0
 2  0      0 6523816  66764 685476    0    0     0 22192  796 1300  0  1 97  2  0
 3  0      0 6523140  66840 685592    0    0     0  3104 3680 6317  1  2 96  1  0
 1  0      0 6523140  66940 685608    0    0     0  6928 1020 1887  0  1 97  1  0
 4  1      0 6516968  66988 685616    0    0     0  2032 4952 8177  4  2 93  1  0
11  0      0 6499244  67312 691524    0    0     0 17840 17431 43294 41 25 31  3  0
 6  0      0 6488460  67368 696108    0    0     0  7920 16492 40615 47 27 26  0  0
12  0      0 6485720  67504 698084    0    0     0  7492 17527 43290 46 29 24  1  0
11  0      0 6478900  67708 701860    0    0     0  9496 16733 42771 44 28 26  2  0
 8  0      0 6476092  67892 708612    0    0     0 13864 17538 43361 44 30 25  1  0
 9  0      0 6469712  68100 709248    0    0     0 10668 15555 38972 47 26 26  1  0
17  0      0 6462560  68320 716060    0    0     0 14916 17587 42094 47 27 24  2  0
 5  0      0 6458572  68508 716716    0    0     0  9416 17569 44439 46 29 24  1  0
15  0      0 6456700  68716 717432    0    0     0  9768 16264 39948 45 30 24  1  0
 9  0      0 6446984  68964 724404    0    0     0 16820 20544 50693 46 32 20  1  0
 5  0      0 6443040  69172 726332    0    0     0 11768 19629 46323 51 26 22  1  0
13  0      0 6450172  69432 726932    0    0     0 11168 19684 46882 49 28 21  1  0
10  0      0 6417908  69668 743848    0    0     0 26824 20377 48324 49 30 20  1  0
 7  0      0 6421108  69824 748844    0    0     0 14024 19199 47574 50 27 22  1  0
procs -----------memory---------- ---swap-- -----io---- -system-- ------cpu-----
 r  b   swpd   free   buff  cache   si   so    bi    bo   in   cs us sy id wa st
 9  0      0 6409276  70072 756952    0    0     0 18440 19004 45184 49 28 22  2  0
 6  0      0 6401592  70336 761568    0    0     0 21264 18162 44169 47 30 22  1  0
14  0      0 6406156  70568 762256    0    0     0 12056 19612 48120 48 28 22  2  0
 8  0      0 6397112  70824 767180    0    0     0 16552 19756 47413 49 30 20  1  0
 7  0      0 6399840  71104 771832    0    0     0 16988 19452 47870 48 29 21  2  0
16  0      0 6388492  71436 772568    0    0     0 13052 18702 45458 49 27 23  1  0
 6  0      0 6393048  71712 773324    0    0     0 11956 19895 46506 50 28 20  1  0
10  0      0 6385744  72000 778116    0    0     0 16656 19286 45053 49 29 20  2  0
12  0      0 6383740  72228 782872    0    0     0 16196 19653 44639 48 29 21  2  0
10  0      0 6377636  72488 784544    0    0     0 14300 18909 44114 48 29 21  2  0
16  0      0 6371628  72780 789388    0    0     0 16460 19510 47185 48 29 21  2  0
14  0      0 6369240  73124 790064    0    0     0 14792 18760 45149 47 31 21  2  0
15  0      0 6368148  73340 794956    0    0     0 17820 18160 43871 47 30 20  2  0
11  0      0 6362112  73492 799692    0    0     0 18304 18838 46185 47 30 21  2  0
 8  0      0 6358548  73616 800596    0    0     0 14136 19071 44819 50 29 20  2  0
11  0      0 6353820  73784 805596    0    0    12 18916 19027 44189 45 32 21  2  0
10  0      0 6351704  74064 806720    0    0     0 23844 19416 44213 42 31 25  3  0
12  0      0 6344732  74276 811304    0    0     0 18572 19660 57758 48 28 22  2  0
11  0      0 6348744  74492 812016    0    0     0 13732 19918 47130 46 31 22  2  0
 5  0      0 6344148  74652 817272    0    0     0 18156 19122 45199 48 28 22  2  0
 5  0      0 6329516  74908 830428    0    0     0 27228 19073 54753 45 31 21  2  0
procs -----------memory---------- ---swap-- -----io---- -system-- ------cpu-----
 r  b   swpd   free   buff  cache   si   so    bi    bo   in   cs us sy id wa st
10  0      0 6322364  75104 831112    0    0     0 15168 19207 47172 43 34 21  2  0
13  0      0 6318164  75288 835888    0    0     0 18112 19643 46541 49 29 20  2  0
12  0      0 6314964  75512 836640    0    0     0 14352 18156 56876 46 29 24  2  0
 3  0      0 6318252  75732 842808    0    0     4 19996 19834 46021 46 28 24  2  0
12  0      0 6305344  75928 847572    0    0     0 18392 21111 49881 44 32 22  2  0
14  0      0 6312612  76148 849604    0    0     0 18236 19939 46814 45 30 23  2  0
16  0      0 6294908  76340 854524    0    0     0 19276 19409 46787 45 32 21  2  0
11  0      0 6295368  76516 855096    0    0     0 14140 19744 46302 51 26 22  2  0
13  0      0 6290248  76752 860148    0    0     0 19736 20575 48232 45 30 24  1  0
 7  0      0 6290260  76980 864924    0    0     0 18816 20749 49236 48 30 20  2  0
 8  0      0 6287188  77112 867916    0    0     0 15988 18955 43399 47 28 23  1  0
 6  0      0 6279648  77336 872608    0    0     0 27420 21264 51324 49 30 20  1  0
10  0      0 6285740  77572 873560    0    0     0 14644 19396 45607 42 31 24  2  0
 7  0      0 6276296  77748 878284    0    0     0 18204 19935 57047 45 30 24  1  0
13  0      0 6265904  77980 883368    0    0     0 17964 19807 47400 43 32 23  2  0
13  0      0 6264460  78196 884812    0    0     0 15108 18263 44516 46 31 22  2  0
 8  0      0 6256876  78352 889712    0    0     0 18420 19074 45224 46 31 22  2  0
 8  0      0 6260928  78504 890476    0    0     0 14104 19117 46967 46 29 24  2  0
 9  0      0 6248448  78692 895612    0    0     0 17776 18847 64938 48 28 23  2  0
 9  0      0 6250592  78900 896104    0    0     0 13856 17494 41829 45 28 25  2  0
 6  0      0 6249120  79100 900892    0    0     0 19420 16785 36761 47 28 23  2  0
procs -----------memory---------- ---swap-- -----io---- -system-- ------cpu-----
 r  b   swpd   free   buff  cache   si   so    bi    bo   in   cs us sy id wa st
 8  0      0 6244380  79280 901420    0    0     0 16492 16674 38131 44 31 22  2  0
 6  0      0 6244076  79452 906104    0    0     0 17840 16490 37657 44 28 25  2  0
11  1      0 6240488  79608 906560    0    0     0 13256 16208 37151 44 31 23  2  0
 0  0      0 6238800  79732 907164    0    0     0 13856 15491 36217 44 27 26  2  0
 1  0      0 6238420  79816 906244    0    0     0  9132 2579 3625  1  2 93  3  0
