procs -----------memory---------- ---swap-- -----io---- -system-- ------cpu-----
 r  b   swpd   free   buff  cache   si   so    bi    bo   in   cs us sy id wa st
 4  0      0 3542692  17984 294636    0    0    47     6  257  278  6  2 92  0  0
 0  0      0 3517636  17984 294604    0    0     0     0  857 1382  2  1 97  0  0
 2  0      0 3517636  17984 294604    0    0     0     4   71   65  0  0 100  0  0
 0  0      0 3516568  17984 294604    0    0     0     0  172  274  0  1 99  0  0
 0  0      0 3516628  17984 294604    0    0     0     0   36   38  0  0 100  0  0
 0  0      0 3514612  17996 294608    0    0     0    72  201  316  0  1 98  0  0
 0  0      0 3514556  17996 294608    0    0     0     8  146  276  0  1 99  0  0
 0  0      0 3514612  17996 294608    0    0     0     4   89   35  0  0 100  0  0
 0  0      0 3514360  17996 294608    0    0     0     0  190  288  0  1 99  0  0
 0  0      0 3515368  17996 294608    0    0     0     0   23   21  0  0 100  0  0
 0  0      0 3515248  18004 294600    0    0     0    28  176  281  0  0 99  0  0
 0  0      0 3515368  18004 294608    0    0     0     0   36   35  0  0 100  0  0
 0  0      0 3513220  18004 294608    0    0     0     4 1433 1881  0  1 99  0  0
 0  0      0 3513220  18004 294608    0    0     0     0  422  506  0  0 100  0  0
 0  0      0 3509936  18004 294608    0    0     0     0  276  440  0  0 99  0  0
 1  0      0 3509776  18004 294608    0    0     0     0  209  246  0  0 100  0  0
 0  0      0 3507988  18012 294608    0    0     0    16  583  788  0  1 99  0  0
 0  0      0 3508024  18012 294608    0    0     0     4  127   97  0  0 100  0  0
 0  0      0 3506100  18012 294608    0    0     0     0 1638 2031  1  2 97  0  0
 0  0      0 3506100  18012 294608    0    0     0     0   32   30  0  0 100  0  0
 0  0      0 3504840  18012 294608    0    0     0     0  548  751  0  1 99  0  0
procs -----------memory---------- ---swap-- -----io---- -system-- ------cpu-----
 r  b   swpd   free   buff  cache   si   so    bi    bo   in   cs us sy id wa st
 0  1      0 3504840  18016 294604    0    0     0     8 1378 1643  0  1 99  0  0
 4  0      0 3484092  18020 294600    0    0     0     4 5303 6327 27  8 65  0  0
 1  0      0 3468588  18020 294608    0    0     0     4 4750 4528 24  9 67  0  0
 1  0      0 3460728  18020 294608    0    0     0   660 4497 4679 27 10 62  0  0
 1  0      0 3459216  18020 294612    0    0     0     0 4026 3997 26  7 66  0  0
 1  0      0 3459644  18020 294612    0    0     0     0 3121 3103 24  9 66  0  0
 1  0      0 3458624  18028 294616    0    0     0    32 4951 5261 26  8 66  0  0
 1  0      0 3456884  18028 294616    0    0     0     0 6103 6900 27  9 64  0  0
 3  0      0 3455868  18028 294616    0    0     0     4 5730 6206 27  8 65  0  0
 1  0      0 3452972  18028 294616    0    0     0   300 4680 5158 25  7 67  0  0
 1  0      0 3452196  18028 294616    0    0     0     0 5760 6269 27  7 66  0  0
 1  0      0 3452000  18036 294608    0    0     0    24 4920 5249 27  8 65  0  0
 3  0      0 3452412  18036 294616    0    0     0     8 6091 6214 25  8 68  0  0
 1  0      0 3451752  18036 294616    0    0     0     0 5234 5556 26  9 65  0  0
 1  0      0 3450780  18036 294584    0    0     0     4 6005 6830 28  7 65  0  0
 2  0      0 3450280  18036 294584    0    0     0     0 5768 6192 28  8 65  0  0
 2  0      0 3450604  18036 294584    0    0     0     0 5529 6013 26  8 66  0  0
 1  0      0 3450648  18044 294568    0    0     0    16 5336 5948 27  7 66  0  0
 1  0      0 3450744  18044 294568    0    0     0     0 5379 5913 26  7 67  0  0
 1  0      0 3450444  18044 294568    0    0     0     0 5413 5892 27  8 65  0  0
 1  0      0 3449764  18044 294568    0    0     0     4 5934 6769 28  6 66  0  0
procs -----------memory---------- ---swap-- -----io---- -system-- ------cpu-----
 r  b   swpd   free   buff  cache   si   so    bi    bo   in   cs us sy id wa st
 1  0      0 3450456  18044 294568    0    0     0     0 5582 5809 24 10 66  0  0
 1  0      0 3449708  18044 294568    0    0     0     0 5098 5446 27  8 66  0  0
 1  0      0 3450076  18052 294592    0    0     0    12 4920 5337 27  7 66  0  0
 1  0      0 3451012  18052 294592    0    0     0     0 5024 4951 26  8 66  0  0
 2  0      0 3450236  18052 294608    0    0     0    12 4360 4728 27  8 65  0  0
 1  0      0 3449836  18052 294608    0    0     0     8 5002 5505 25  7 67  0  0
 1  0      0 3449740  18052 294608    0    0     0     0 5816 6341 25  8 66  0  0
 1  0      0 3450480  18060 294568    0    0     0    20 4843 5176 26  7 67  0  0
 1  0      0 3449956  18060 294576    0    0     0     0 5499 6259 27  8 64  0  0
 2  0      0 3448972  18060 294576    0    0     0     4 5396 5931 26  9 65  0  0
 1  0      0 3451524  18060 294560    0    0     0     0 5300 5978 26  8 66  0  0
 1  0      0 3450172  18060 294560    0    0     0     4 4591 4553 26  7 67  0  0
 2  0      0 3451460  18060 294560    0    0     0     0 3915 4067 26  7 67  0  0
 1  0      0 3450672  18068 294560    0    0     0    12 4345 4649 24  8 68  0  0
 1  0      0 3449952  18068 294560    0    0     0     0 4270 4322 24  7 68  0  0
 1  0      0 3450384  18068 294560    0    0     0     0 4794 4655 24  8 68  0  0
 1  0      0 3450412  18068 294480    0    0     0     4 3993 4089 25  9 66  0  0
 2  0      0 3450320  18068 294480    0    0     0     4 4189 4493 25  8 67  0  0
 1  0      0 3449708  18076 294464    0    0     0    12 3477 3587 25  8 67  0  0
 1  0      0 3449600  18076 294464    0    0     0     0 3413 3323 26  7 67  0  0
 3  0      0 3449740  18076 294468    0    0     0    12 3390 3491 25  9 66  0  0
procs -----------memory---------- ---swap-- -----io---- -system-- ------cpu-----
 r  b   swpd   free   buff  cache   si   so    bi    bo   in   cs us sy id wa st
 5  0      0 3449756  18076 294468    0    0     0     0 3745 3725 26  7 67  0  0
 1  0      0 3451644  18076 294468    0    0     0     8 4936 5042 23  8 68  0  0
 1  0      0 3450892  18084 294468    0    0     0    24 3844 3857 26  7 67  0  0
 1  0      0 3448700  18084 294468    0    0     0     0 3670 3929 26  7 67  0  0
 1  0      0 3449780  18084 294468    0    0     0     0 4505 4824 26  7 67  0  0
 2  0      0 3449648  18084 294468    0    0     0     0 4066 4469 26  7 67  0  0
 3  0      0 3451600  18084 294468    0    0     0     0 3994 4050 25  7 68  0  0
 1  0      0 3449424  18084 294468    0    0     0     0 4129 4272 26  8 66  0  0
 1  0      0 3449448  18092 294468    0    0     0    20 3928 4091 26  6 68  0  0
 1  0      0 3449656  18092 294468    0    0     0     0 4269 4766 27  7 66  0  0
 1  0      0 3450020  18092 294452    0    0     0     0 3519 3505 24  7 70  0  0
 1  0      0 3448964  18092 294452    0    0     0     0 4451 4780 28  6 66  0  0
 2  0      0 3448444  18092 294436    0    0     0     0 4589 5050 26  7 67  0  0
 1  0      0 3448472  18092 294436    0    0     0     4 4993 5151 26  7 67  0  0
 1  0      0 3448496  18100 294436    0    0     0    16 4683 4685 24  7 69  0  0
 1  0      0 3449076  18100 294436    0    0     0     0 5087 5488 27  7 66  0  0
 1  0      0 3448628  18100 294436    0    0     0     0 4708 4759 25  7 68  0  0
 1  0      0 3449548  18100 294436    0    0     0     0 4472 4617 27  8 65  0  0
 4  0      0 3448876  18100 294448    0    0     0     0 7525 11047 29  9 63  0  0
