procs -----------memory---------- ---swap-- -----io---- -system-- ------cpu-----
 r  b   swpd   free   buff  cache   si   so    bi    bo   in   cs us sy id wa st
 2  0      0 2539500 241448 4316304    0    0   108  2211 1894 4944 21  9 68  2  0
 1  0      0 2620364 241448 4242264    0    0     0  8656 7229 12344  5  7 74 13  0
 2  0      0 2623640 241448 4242352    0    0     0 14204 10028 17385  3 11 69 18  0
 0  1      0 2620168 241448 4242432    0    0     0  8488 9024 15664  2  8 73 17  0
 0  1      0 2620168 241448 4242640    0    0     0  9464 9908 17221  2  7 74 18  0
 1  0      0 2620168 241448 4242752    0    0     0  8584 8723 15103  2 10 71 17  0
 0  1      0 2620168 241448 4242888    0    0     0  8972 8958 15673  3  7 72 17  0
 0  1      0 2619916 241448 4243008    0    0     0  8936 9427 16396  3  9 71 17  0
 1  1      0 2619916 241448 4243128    0    0     0  9604 9939 17408  2  8 73 18  0
 0  1      0 2619692 241448 4243428    0    0     0 12888 12894 23463  2  5 75 18  0
 1  0      0 2609392 241448 4255812    0    0     0 26084 11042 20040  4 10 71 16  0
 1  1      0 2568760 241448 4269244    0    0     0 30108 10836 19198  6  9 67 18  0
 1  0      0 2566256 241448 4269908    0    0     0  8352 18460 33197 13 10 68  8  0
 1  0      0 2565168 241448 4269916    0    0     0  4172 21788 40041 17  7 73  2  0
 1  0      0 2565196 241448 4269944    0    0     0  2284 22935 42904 18  8 73  1  0
 1  0      0 2564888 241448 4269948    0    0     0  2068 21641 40571 17 10 73  1  0
 2  0      0 2569364 241448 4270144    0    0     0  7492 15605 28800 12  6 80  2  0
 0  0      0 2571184 241448 4270064    0    0     0  7020 1266 2264  0  2 95  2  0
 1  0      0 2571220 241448 4270072    0    0     0   768 5517 9642  4  3 93  1  0
 0  0      0 2571276 241448 4270352    0    0     0  8900 10748 18836  6  6 84  4  0
 0  0      0 2571276 241448 4270352    0    0     0   524  483  650  0  0 99  0  0
procs -----------memory---------- ---swap-- -----io---- -system-- ------cpu-----
 r  b   swpd   free   buff  cache   si   so    bi    bo   in   cs us sy id wa st
 1  0      0 2569800 241448 4270364    0    0     0  1392 8036 14150  6  5 88  1  0
 4  1      0 2564152 241448 4270776    0    0     0  6988 18996 38142 20 13 63  4  0
11  1      0 2549448 241448 4278084    0    0     0 14732 12507 49294 51 32 12  5  0
15  1      0 2547668 241448 4279156    0    0     0  6780 12580 49692 53 32 13  2  0
18  1      0 2542440 241448 4280572    0    0     0  6996 11653 48131 54 34  9  3  0
11  0      0 2540844 241448 4281656    0    0     0  4656 10210 43123 47 39 12  2  0
12  0      0 2537964 241448 4282040    0    0     0  3772 11305 45870 51 37 10  2  0
14  1      0 2535664 241448 4285376    0    0     0  8588 16478 70037 61 31  7  1  0
13  0      0 2532180 241448 4288716    0    0     0  8124 15980 68962 60 30  9  1  0
13  0      0 2529612 241448 4290252    0    0     0  6848 16752 71692 58 33  7  2  0
11  1      0 2530124 241448 4291556    0    0     0  5860 12006 49992 57 33  8  2  0
15  0      0 2528284 241448 4294704    0    0     0 15984 17072 67978 55 34 10  2  0
14  0      0 2526216 241448 4296928    0    0     0  5416 14145 62874 55 33 10  1  0
13  0      0 2521024 241448 4299160    0    0     0  8280 17491 77190 58 33  7  1  0
14  0      0 2519368 241448 4300184    0    0     0  7304 14477 57386 56 35  8  1  0
12  0      0 2519308 241448 4303212    0    0     0  8232 15198 74349 61 32  6  1  0
16  1      0 2516492 241448 4304212    0    0     0  6828 17397 71949 62 32  6  1  0
 9  1      0 2512184 241448 4307548    0    0     0 10464 16789 74350 61 33  5  1  0
13  0      0 2508280 241448 4312316    0    0     0  8856 16653 72182 59 33  7  1  0
12  1      0 2506828 241448 4313256    0    0     0  6236 15567 80769 61 32  7  0  0
17  0      0 2503492 241448 4314480    0    0     0  8388 16204 66436 58 34  7  1  0
procs -----------memory---------- ---swap-- -----io---- -system-- ------cpu-----
 r  b   swpd   free   buff  cache   si   so    bi    bo   in   cs us sy id wa st
11  0      0 2500068 241448 4315680    0    0     0  7024 17336 71014 55 35 10  1  0
16  0      0 2500160 241448 4318648    0    0     0 10004 15718 64491 61 32  7  1  0
18  0      0 2499324 241448 4319788    0    0     0  6824 18598 70753 59 33  7  1  0
11  1      0 2502424 241448 4322032    0    0     0  7932 15466 64779 57 34  7  2  0
17  0      0 2493088 241448 4323064    0    0     0  6380 15661 68600 63 31  5  1  0
11  0      0 2491596 241448 4323964    0    0     0  8912 11566 55366 57 35  6  2  0
12  1      0 2491112 241456 4324828    0    0     0 18104 14648 64432 60 32  7  1  0
12  0      0 2493548 241456 4326036    0    0     0  5884 17625 73221 58 36  6  1  0
17  1      0 2489832 241456 4328976    0    0     0  8576 15591 66267 60 33  7  1  0
12  0      0 2489296 241456 4329988    0    0     0  7012 13367 67448 62 32  5  1  0
 8  0      0 2486352 241456 4331108    0    0     0  5744 14556 67682 62 33  4  1  0
16  1      0 2484036 241456 4332900    0    0     0 14380 17289 66300 56 34 10  1  0
16  1      0 2486644 241456 4333920    0    0     0  6864 19791 64292 60 31  8  1  0
18  0      0 2483536 241456 4334736    0    0     0  3828 12820 50938 62 32  5  1  0
13  0      0 2480432 241456 4335452    0    0     0  5024 8795 44614 61 31  7  2  0
14  0      0 2483852 241456 4336228    0    0     0  5952 13725 56198 57 35  6  1  0
17  1      0 2482336 241456 4339440    0    0     0  8204 14215 61372 55 36  7  2  0
15  1      0 2479904 241456 4339952    0    0     0  5548 11885 49383 60 31  8  1  0
15  1      0 2476272 241456 4340872    0    0     0  4644 12864 52634 55 35  8  1  0
17  1      0 2476668 241456 4342560    0    0     0  7020 10677 47805 59 32  6  3  0
17  5      0 2458488 241456 4348656    0    0     0 10656 7785 39501 50 40  8  2  0
procs -----------memory---------- ---swap-- -----io---- -system-- ------cpu-----
 r  b   swpd   free   buff  cache   si   so    bi    bo   in   cs us sy id wa st
12  1      0 2471328 241456 4349456    0    0     0 14224 9198 42723 57 35  6  2  0
14  1      0 2470324 241456 4349992    0    0     0  4864 11389 48457 60 31  6  3  0
14  1      0 2467996 241456 4350868    0    0     0  5312 13676 58435 60 33  6  1  0
17  0      0 2463932 241456 4351384    0    0     0  5396 13139 51264 56 35  8  1  0
20  0      0 2464832 241456 4353004    0    0     0  4624 11715 46620 55 34  8  3  0
15  1      0 2456952 241456 4361380    0    0     0 13176 14826 56768 57 35  7  1  0
15  1      0 2452388 241456 4361884    0    0     0  4344 12121 54564 64 32  4  1  0
16  1      0 2450456 241456 4362604    0    0     0  4712 12523 50985 60 32  6  2  0
12  0      0 2451496 241456 4363612    0    0     0  4952 11695 55821 60 33  6  1  0
18  0      0 2450064 241456 4364428    0    0     0  5120 11676 52825 61 33  5  1  0
17  1      0 2449036 241456 4365336    0    0     0  4400 13242 51887 63 31  5  1  0
17  1      0 2448208 241456 4366124    0    0     0  4920 11916 40621 61 32  6  1  0
14  0      0 2448800 241456 4366792    0    0     0  4672 12987 52157 57 36  6  1  0
12  0      0 2448208 241456 4371592    0    0     0 20524 12960 56619 57 34  8  2  0
15  0      0 2441336 241456 4372712    0    0     0  5628 14851 57377 59 34  6  1  0
15  0      0 2441104 241456 4374028    0    0     0  7616 12967 56033 62 31  6  1  0
17  0      0 2437588 241456 4375192    0    0     0  5512 12798 55584 63 30  6  1  0
14  0      0 2437600 241456 4376152    0    0     0  4248 15044 63282 61 32  7  0  0
16  0      0 2437880 241456 4376892    0    0     0  5008 15772 60612 59 34  5  1  0
 0  0      0 2438008 241456 4378512    0    0     0  4424 11418 39922 45 26 29  0  0
 1  0      0 2436776 241456 4378616    0    0     0  1488 1846 3180  3  2 95  1  0
