procs -----------memory---------- ---swap-- -----io---- -system-- ------cpu-----
 r  b   swpd   free   buff  cache   si   so    bi    bo   in   cs us sy id wa st
 2  0      0 3529432  23476 297548    0    0     8     4  481  585  7  2 91  0  0
 0  0      0 3504824  23476 297556    0    0     0     8  822 1377  1  1 98  0  0
 0  0      0 3503064  23488 297556    0    0     0    56  165  312  0  0 100  0  0
 0  0      0 3499144  23488 297556    0    0     0     0 1736 2100  1  0 99  0  0
 0  0      0 3496884  23488 297556    0    0     0     0  151  276  0  1 99  0  0
 0  0      0 3496660  23488 297556    0    0     0    12 1128 1381  0  1 99  0  0
 0  0      0 3493888  23488 297556    0    0     0    12  176  284  0  1 99  0  0
 0  0      0 3493888  23488 297556    0    0     0    24 1205 1507  0  0 100  0  0
 1  0      0 3454240  23496 297548    0    0     0    32 9588 11686 29  9 62  0  0
 1  0      0 3444684  23496 297564    0    0     0     0 12498 14224 33  9 58  0  0
 1  0      0 3439276  23496 297568    0    0     0   928 12353 14318 33  9 57  0  0
 2  0      0 3428484  23496 297572    0    0     0     0 12406 14426 32 12 56  0  0
 3  0      0 3422492  23496 297576    0    0     0     4 12418 14048 33  9 59  0  0
 3  0      0 3419368  23504 297616    0    0     0    80 12171 13527 31  8 61  0  0
 1  0      0 3414700  23504 297652    0    0     0     0 12541 14635 33  9 58  0  0
 3  0      0 3411460  23504 297656    0    0     0     0 12267 14238 34  9 56  0  0
 4  0      0 3409000  23504 297676    0    0     0     0 11584 13437 33  8 58  0  0
 1  0      0 3404744  23504 297696    0    0     0     0 11255 12819 32  9 58  0  0
 1  0      0 3405148  23512 297704    0    0     0    56 11446 13153 31 10 59  0  0
 2  0      0 3399212  23512 297672    0    0     0     0 12183 14046 34 10 57  0  0
 3  0      0 3399700  23512 297680    0    0     0     0 12015 14201 34  8 58  0  0
procs -----------memory---------- ---swap-- -----io---- -system-- ------cpu-----
 r  b   swpd   free   buff  cache   si   so    bi    bo   in   cs us sy id wa st
 1  0      0 3397472  23512 297700    0    0     0     0 11593 13466 32 10 58  0  0
 4  0      0 3394960  23512 297736    0    0     0     0 10753 12638 33  9 58  0  0
 1  0      0 3392088  23520 297740    0    0     0    56 9938 11312 31  9 60  0  0
 1  0      0 3391756  23520 297744    0    0     0     4 10011 11520 34  9 58  0  0
 1  0      0 3391452  23520 297768    0    0     0     0 11230 12851 32  9 59  0  0
 1  0      0 3388288  23520 297788    0    0     0     0 12504 14409 33  9 58  0  0
 2  0      0 3386344  23520 297792    0    0     0     0 10761 12315 34  8 57  0  0
 3  0      0 3384444  23528 297788    0    0     0    48 10012 11685 35  8 56  0  0
 2  0      0 3382196  23528 297800    0    0     0     0 12022 14243 33  9 59  0  0
 2  0      0 3378032  23528 297824    0    0     0     4 11899 14331 36  8 57  0  0
 1  0      0 3377732  23528 297860    0    0     0     0 12259 14278 35  9 56  0  0
 1  0      0 3376756  23528 297860    0    0     0     0 11094 13202 34  9 56  0  0
 2  0      0 3375740  23536 297864    0    0     0    56 11168 13074 32 11 57  0  0
 1  0      0 3373612  23536 297888    0    0     0     0 11882 14129 33  9 58  0  0
 3  0      0 3371884  23536 297928    0    0     0     0 11792 13860 32 11 57  0  0
 4  0      0 3370680  23536 297932    0    0     0     4 11768 14050 33 11 57  0  0
 2  0      0 3370232  23536 297936    0    0     0     0 11717 13829 34  9 58  0  0
 1  0      0 3368016  23544 297956    0    0     0    48 10317 12222 34  8 57  0  0
 2  0      0 3367368  23544 297976    0    0     0     0 11244 13181 33  9 58  0  0
 1  0      0 3367432  23544 297980    0    0     0     0 12322 14603 33 10 56  0  0
 1  0      0 3365816  23544 298000    0    0     0     0 12925 15271 33  9 58  0  0
procs -----------memory---------- ---swap-- -----io---- -system-- ------cpu-----
 r  b   swpd   free   buff  cache   si   so    bi    bo   in   cs us sy id wa st
 4  0      0 3364200  23544 298004    0    0     0     4 12574 14922 36 10 55  0  0
 2  0      0 3362804  23556 298012    0    0     0    40 11874 13736 34  9 57  0  0
 1  0      0 3358220  23556 298020    0    0     0    28 12348 14145 35  8 57  0  0
 2  0      0 3358200  23556 298024    0    0     0     0 11538 13539 34  9 57  0  0
 2  0      0 3357884  23556 298028    0    0     0     0 10236 12147 35  8 58  0  0
 2  0      0 3357452  23556 298048    0    0     0     0 12087 13823 34  8 58  0  0
 1  0      0 3356968  23564 298060    0    0     0    32 11279 13064 32  9 60  0  0
 1  0      0 3357388  23564 298060    0    0     0    28 11522 13139 34  9 57  0  0
 1  0      0 3356208  23564 298052    0    0     0     0 11923 13803 33  9 58  0  0
 4  0      0 3356792  23564 298020    0    0     0     0 12149 14430 35  8 57  0  0
 2  0      0 3361396  23564 298020    0    0     0     0 12394 14751 35  8 57  0  0
 1  0      0 3359616  23572 297984    0    0     0    32 11558 13502 32  9 59  0  0
 1  0      0 3358804  23572 297976    0    0     0    32 9974 11791 33  8 59  0  0
 1  0      0 3361476  23572 297980    0    0     0     0 12421 14428 32 10 57  0  0
 1  0      0 3366884  23572 297952    0    0     0     0 11988 13964 34  8 58  0  0
 1  0      0 3365860  23572 297940    0    0     0     0 11948 14108 33 10 57  0  0
 2  0      0 3363436  23580 297940    0    0     0    20 11123 13369 35  8 57  0  0
 0  0      0 3364316  23580 297944    0    0     0    28 11785 13621 34  8 58  0  0
 1  0      0 3364684  23580 297948    0    0     0     4 12234 14602 33  8 59  0  0
 1  0      0 3364364  23580 297952    0    0     0     0 12530 14859 35  8 58  0  0
 2  0      0 3366540  23580 297960    0    0     0     0 11666 13978 34  9 57  0  0
procs -----------memory---------- ---swap-- -----io---- -system-- ------cpu-----
 r  b   swpd   free   buff  cache   si   so    bi    bo   in   cs us sy id wa st
 1  0      0 3367104  23588 297948    0    0     0    32 11857 13940 33  8 59  0  0
 2  0      0 3366112  23588 297956    0    0     0    32 11436 13580 35  8 57  0  0
 4  0      0 3365524  23588 297960    0    0     0     0 12542 14394 30 10 59  0  0
 4  0      0 3367712  23588 297964    0    0     0     4 12279 14390 34  8 58  0  0
 4  0      0 3368312  23588 297968    0    0     0     0 11709 13634 31  9 60  0  0
 4  0      0 3367316  23588 297980    0    0     0     0 46717 100024 50 20 30  0  0
 0  0      0 3532400  23600 297804    0    0     0    84  524  782  0  0 99  0  0
