procs -----------memory---------- ---swap-- -----io---- -system-- ------cpu-----
 r  b   swpd   free   buff  cache   si   so    bi    bo   in   cs us sy id wa st
 1  0      0 807380 237676 6188272    0    0    22  1467 1173  117 12 10 76  2  0
 0  1      0 973904 237676 6034472    0    0     0 17888 18354 35482  3  5 77 16  0
 1  1      0 940028 237676 6054584    0    0     0 42164 19713 37771  3  7 71 18  0
 0  0      0 914480 237676 6067204    0    0     0 29136 23588 43631  9  8 75  8  0
 0  0      0 910952 237676 6067208    0    0     0  4188  873 1630  0  1 98  1  0
 0  0      0 910728 237676 6067208    0    0     0 10352 4909 8620  2  2 94  2  0
 0  0      0 908216 237676 6067436    0    0     0  3040  833 1408  0  1 98  1  0
 1  0      0 908216 237676 6067440    0    0     0  2720  691 1112  0  1 98  1  0
18  2      0 929028 238304 6027116    0    0   824 16448 17220 51619 32 26 38  4  0
10  1      0 915676 238788 6037124    0    0   484 17508 19151 68920 39 41 16  4  0
12  0      0 889392 238788 6050692    0    0     0 42252 18961 68885 43 36 17  4  0
13  1      0 942108 238788 6000188    0    0     0 25124 19777 83616 43 39 14  4  0
15  0      0 928172 238788 6010428    0    0     0 17464 19351 80795 43 38 15  4  0
 6  0      0 920944 238788 6019348    0    0     0 18560 20122 71537 42 39 15  4  0
17  1      0 899636 238788 6034644    0    0     0 26388 20764 72871 40 40 16  4  0
12  1      0 900448 238788 6041320    0    0     0 15612 19819 69980 41 40 16  3  0
14  1      0 885336 238788 6048464    0    0     0 15532 19414 67300 39 40 16  5  0
10  0      0 872132 238788 6059732    0    0     0 18220 20674 73010 39 39 17  4  0
12  1      0 863944 238788 6068040    0    0     0 16876 19451 68439 37 42 16  5  0
21  0      0 859492 238788 6075052    0    0     0 14596 21388 72234 39 39 18  4  0
14  0      0 847872 238792 6081656    0    0     0 72708 20763 73958 41 38 16  4  0
procs -----------memory---------- ---swap-- -----io---- -system-- ------cpu-----
 r  b   swpd   free   buff  cache   si   so    bi    bo   in   cs us sy id wa st
11  2      0 839624 238792 6093452    0    0     0 19364 21288 74212 39 42 15  4  0
17  2      0 833824 238792 6100148    0    0     0 13532 20263 71860 38 41 16  5  0
13  1      0 823596 238792 6107228    0    0     0 17320 18559 68122 39 39 17  5  0
20  1      0 814324 238792 6118160    0    0     0 28180 17340 69435 37 42 16  5  0
 7  1      0 804936 238792 6126184    0    0     0 23680 19830 66334 37 41 16  6  0
 7  1      0 795892 238792 6142864    0    0     0 34160 21678 75447 39 43 15  3  0
 9  1      0 787872 238792 6149592    0    0     0 14812 19989 67744 40 39 16  5  0
 9  3      0 785464 238792 6159204    0    0     0 15976 17064 57714 39 39 18  5  0
15  0      0 774564 238792 6165784    0    0     0 15824 19766 70368 39 40 16  4  0
19  1      0 762196 238792 6175260    0    0     0 14796 19330 73233 41 39 16  4  0
 8  1      0 757424 238792 6184152    0    0     0 15588 20159 69130 43 37 17  4  0
18  0      0 742916 238792 6196796    0    0     0 15620 20214 69759 40 39 17  4  0
10  1      0 728256 238792 6212124    0    0     0 19864 18602 71789 41 40 14  5  0
14  2      0 721676 238792 6219188    0    0     0 15832 19895 74562 38 41 16  5  0
13  1      0 703632 238796 6233180    0    0     0 73940 20036 68117 40 37 17  6  0
10  1      0 689284 238796 6244512    0    0     0 36888 19638 72440 41 39 15  5  0
 9  1      0 688612 238796 6251204    0    0     0 15608 19780 70494 41 39 16  5  0
13  0      0 676268 238796 6258072    0    0     0 19136 18331 65676 36 44 16  5  0
 9  0      0 674128 238796 6265796    0    0     0 14728 18307 70248 38 41 16  5  0
14  1      0 654720 238796 6277132    0    0     0 49088 19680 69880 41 42 13  4  0
 9  1      0 654316 238796 6284460    0    0     0 15924 20674 79133 38 42 16  4  0
procs -----------memory---------- ---swap-- -----io---- -system-- ------cpu-----
 r  b   swpd   free   buff  cache   si   so    bi    bo   in   cs us sy id wa st
12  1      0 639580 238796 6291748    0    0     0 15144 20155 73355 42 41 14  3  0
 8  1      0 634392 238796 6298860    0    0     0 15584 20312 69249 40 41 15  4  0
17  1      0 625684 238796 6306000    0    0     0 16260 20372 72796 38 43 16  4  0
12  1      0 619040 238796 6316564    0    0     0 18932 20798 70787 38 41 17  4  0
11  1      0 608228 238796 6323252    0    0     0 13680 18613 66105 40 39 16  5  0
12  1      0 598628 238796 6328972    0    0     0 17004 18945 64099 39 41 15  5  0
11  1      0 592196 238796 6335792    0    0     0 14664 19469 69240 38 38 18  6  0
12  3      0 582888 238796 6346812    0    0     0 18324 19308 68972 36 40 19  4  0
 7  1      0 576200 238796 6352660    0    0     0 15036 20507 69414 41 38 17  4  0
 7  1      0 567156 238796 6360340    0    0     0 13760 20488 79290 41 38 16  5  0
12  1      0 560388 238796 6366572    0    0     0 14380 20082 73071 42 38 16  4  0
 8  1      0 551940 238796 6378372    0    0     0 17544 19244 74358 40 41 15  4  0
11  1      0 542400 238800 6384360    0    0     0 20824 16848 56415 36 40 17  6  0
14  1      0 534544 238800 6391320    0    0     0 13812 21246 75886 39 40 17  3  0
13  2      0 526492 238804 6403044    0    0     0 50260 20562 75851 40 39 16  5  0
14  1      0 517716 238804 6410092    0    0     0 15148 19313 73245 41 40 15  4  0
10  2      0 504192 238804 6417140    0    0     0 14772 20494 77231 41 39 16  4  0
14  0      0 490444 238804 6423936    0    0   720 13976 19841 67999 39 40 16  4  0
14  1      0 503252 238804 6437812    0    0     0 21452 19895 70360 40 42 14  4  0
 7  2      0 489276 238804 6447992    0    0     0 26252 20949 75316 39 41 17  4  0
16  4      0 478640 238804 6461248    0    0     0 19656 20001 70378 42 38 17  3  0
procs -----------memory---------- ---swap-- -----io---- -system-- ------cpu-----
 r  b   swpd   free   buff  cache   si   so    bi    bo   in   cs us sy id wa st
 9  0      0 466536 238804 6469716    0    0     0 15592 18582 76550 40 39 16  4  0
16  1      0 453040 238804 6482764    0    0     0 19788 19863 77605 40 39 16  5  0
13  1      0 445532 238804 6488876    0    0     0 15032 21101 73092 39 40 17  4  0
 6  3      0 441124 238804 6494868    0    0     0 15920 21801 72053 38 40 17  5  0
13  0      0 435184 238804 6500916    0    0     0 13324 21079 72009 42 36 18  4  0
 0  0      0 433864 238808 6502764    0    0     0 170152 6827 22702 12 13 70  5  0
 0  0      0 435292 238808 6502516    0    0     0 33068 2082 3427  2  3 93  2  0
 1  0      0 438212 238808 6502436    0    0     0  7224 3553 6671  2  4 92  2  0
