procs -----------memory---------- ---swap-- -----io---- -system-- ------cpu-----
 r  b   swpd   free   buff  cache   si   so    bi    bo   in   cs us sy id wa st
 2  0      0 3543196  17796 294476    0    0    52     6  229  246  5  2 92  0  0
 0  0      0 3515356  17796 294440    0    0     0     0  815 1319  1  2 96  0  0
 0  0      0 3515356  17796 294452    0    0     0     0   40   45  0  0 100  0  0
 0  0      0 3514376  17796 294452    0    0     0     0  177  274  0  0 99  0  0
 0  0      0 3514376  17796 294452    0    0     0     0   34   38  0  0 100  0  0
 0  0      0 3514152  17808 294452    0    0     0   900  225  359  0  1 98  0  0
 0  0      0 3514152  17808 294452    0    0     0     8   60   57  0  0 100  0  0
 0  0      0 3514096  17808 294452    0    0     0     0  142  241  0  1 99  0  0
 0  0      0 3513592  17808 294452    0    0     0     0  157  268  0  0 99  0  0
 0  0      0 3513456  17808 294452    0    0     0     0 1228 1474  0  1 99  0  0
 1  0      0 3511180  17808 294452    0    0     0     0  538  720  0  0 99  0  0
 0  0      0 3510956  17816 294444    0    0     0    40  129  128  0  0 100  0  0
 0  0      0 3510728  17816 294452    0    0     0     0  294  479  0  1 99  0  0
 0  0      0 3510364  17816 294452    0    0     0     0  513  565  0  0 100  0  0
 0  0      0 3509552  17816 294452    0    0     0     4  264  367  0  1 99  0  0
 0  0      0 3509392  17816 294452    0    0     0     0  316  367  0  0 100  0  0
 0  0      0 3506964  17824 294452    0    0     0    16 1269 1622  2  2 96  0  0
 0  0      0 3506740  17824 294452    0    0     0     0  191  193  0  0 100  0  0
 0  0      0 3507488  17824 294452    0    0     0     0  273  369  0  1 99  0  0
 0  0      0 3507524  17824 294452    0    0     0     0 1561 1846  0  1 99  0  0
 1  0      0 3481176  17824 294452    0    0     0     0 4071 4758 27  8 66  0  0
procs -----------memory---------- ---swap-- -----io---- -system-- ------cpu-----
 r  b   swpd   free   buff  cache   si   so    bi    bo   in   cs us sy id wa st
 1  0      0 3465860  17824 294452    0    0     0     0 3233 2785 25  7 68  0  0
 2  0      0 3460620  17832 294452    0    0     0    16 3913 3688 27  7 65  0  0
 2  0      0 3459412  17832 294456    0    0     0     0 3897 3453 25  8 67  0  0
 1  0      0 3457780  17832 294456    0    0     0    44 3900 3495 26  7 67  0  0
 2  0      0 3457848  17832 294456    0    0     0    12 3208 2816 24  7 69  0  0
 3  0      0 3455152  17832 294456    0    0     0     0 4217 4019 26  7 67  0  0
 1  0      0 3453920  17840 294456    0    0     0    20 4122 3687 26  7 67  0  0
 1  0      0 3453344  17840 294456    0    0     0     4 4067 3797 25  8 67  0  0
 1  0      0 3454316  17840 294456    0    0     0     0 4101 3491 25  8 67  0  0
 1  0      0 3452864  17840 294456    0    0     0     8 3810 3444 26  8 67  0  0
 1  0      0 3451136  17840 294472    0    0     0     0 3915 3250 25  7 68  0  0
 1  0      0 3450900  17840 294472    0    0     0     0 3251 2984 25  8 67  0  0
 1  0      0 3449888  17848 294472    0    0     0    12 3725 3419 26  7 67  0  0
 1  0      0 3450128  17848 294488    0    0     0     4 4213 4026 27  7 66  0  0
 1  0      0 3450808  17848 294488    0    0     0     0 3756 3313 26  8 67  0  0
 1  0      0 3450296  17848 294492    0    0     0     8 4285 3986 25  8 67  0  0
 1  0      0 3450676  17848 294492    0    0     0     0 4392 3977 26  7 67  0  0
 1  0      0 3449404  17848 294508    0    0     0     0 4163 3854 26  7 67  0  0
 2  0      0 3449872  17856 294508    0    0     0    20 4219 3634 25  7 68  0  0
 2  0      0 3449636  17856 294508    0    0     0     4 3779 3373 25  7 68  0  0
 1  0      0 3450852  17856 294508    0    0     0     0 3904 3520 26  6 67  0  0
procs -----------memory---------- ---swap-- -----io---- -system-- ------cpu-----
 r  b   swpd   free   buff  cache   si   so    bi    bo   in   cs us sy id wa st
 2  0      0 3451432  17856 294508    0    0     0     0 3950 3798 26  6 67  0  0
 1  0      0 3450676  17856 294508    0    0     0     4 3915 3387 25  7 68  0  0
 1  0      0 3450300  17864 294528    0    0     0    12 4162 3934 26  6 68  0  0
 1  0      0 3450392  17864 294528    0    0     0     0 3329 2953 25  7 68  0  0
 2  0      0 3450116  17864 294528    0    0     0     8 3903 3613 25  8 67  0  0
 1  0      0 3448992  17864 294528    0    0     0     0 3823 3367 25  7 68  0  0
 2  0      0 3450584  17864 294528    0    0     0     0 3952 3691 27  7 66  0  0
 1  0      0 3449440  17872 294528    0    0     0    24 3747 3464 25  7 68  0  0
 1  0      0 3449580  17872 294528    0    0     0     0 2912 2700 23  7 70  0  0
 1  0      0 3450516  17872 294528    0    0     0     0 3832 3520 26  7 68  0  0
 1  0      0 3451168  17872 294528    0    0     0     4 2885 2633 25  7 68  0  0
 1  0      0 3450028  17872 294528    0    0     0     0 3541 3107 25  7 67  0  0
 1  0      0 3449344  17872 294548    0    0     0     0 3403 3194 26  7 67  0  0
 1  0      0 3450660  17880 294564    0    0     0    12 3716 3088 25  7 68  0  0
 1  0      0 3449420  17880 294568    0    0     0     0 3677 3375 26  7 67  0  0
 1  0      0 3450172  17880 294568    0    0     0     8 3547 3200 25  7 68  0  0
 1  0      0 3449568  17880 294568    0    0     0     8 3428 3133 25  7 67  0  0
 1  0      0 3450448  17880 294584    0    0     0     0 3431 2988 26  6 68  0  0
 2  0      0 3450252  17880 294584    0    0     0     0 3675 3442 26  7 67  0  0
 2  0      0 3447716  17888 294584    0    0     0    20 3625 3131 25  7 68  0  0
 1  0      0 3447768  17888 294600    0    0     0     4 3962 3789 25  9 66  0  0
procs -----------memory---------- ---swap-- -----io---- -system-- ------cpu-----
 r  b   swpd   free   buff  cache   si   so    bi    bo   in   cs us sy id wa st
 2  0      0 3449524  17888 294600    0    0     0     0 3548 3172 25  7 68  0  0
 1  0      0 3448560  17888 294604    0    0     0     4 3821 3720 25  8 67  0  0
 1  0      0 3447568  17888 294604    0    0     0     0 3181 2781 26  6 68  0  0
 1  0      0 3449404  17888 294604    0    0     0     0 3715 3376 26  7 67  0  0
 1  0      0 3448292  17896 294604    0    0     0    12 3368 2955 25  7 68  0  0
 1  0      0 3450184  17896 294604    0    0     0     4 3464 3268 25  7 68  0  0
 1  0      0 3449024  17896 294604    0    0     0     0 3575 2956 25  7 68  0  0
 1  0      0 3447160  17896 294608    0    0     0     4 3437 3199 26  7 67  0  0
 1  0      0 3447524  17896 294608    0    0     0     0 2985 2506 25  5 70  0  0
 1  0      0 3446764  17904 294608    0    0     0    12 3360 3093 26  8 66  0  0
 1  0      0 3447316  17904 294608    0    0     0     8 3230 2800 25  7 68  0  0
 1  0      0 3449236  17904 294608    0    0     0     0 3581 3171 25  7 68  0  0
 1  0      0 3447968  17904 294608    0    0     0     0 3533 3003 26  7 67  0  0
 1  0      0 3447736  17904 294608    0    0     0     4 3138 2900 26  6 68  0  0
 1  0      0 3446864  17912 294608    0    0     0    28 3956 3686 26  8 67  0  0
 2  0      0 3447052  17912 294608    0    0     0     0 3271 3007 25  8 67  0  0
 4  0      0 3447000  17912 294608    0    0     0     4 4673 5394 26  9 65  0  0
 1  0      0 3537784  17912 294632    0    0     0     4 37944 74460 37 19 44  0  0
