procs -----------memory---------- ---swap-- -----io---- -system-- ------cpu-----
 r  b   swpd   free   buff  cache   si   so    bi    bo   in   cs us sy id wa st
 2  0      0 2679160 241448 4245704    0    0   120  2294 1836 4711 20  9 70  2  0
 1  1      0 2753056 241448 4184324    0    0     0 15020 8839 15565  4  8 74 14  0
 0  1      0 2753056 241448 4184492    0    0     0 12364 11702 21000  3  7 73 17  0
 0  1      0 2749556 241448 4184752    0    0     0 14728 12886 23511  2  8 73 17  0
 0  1      0 2749556 241448 4184948    0    0     0 13168 12500 22702  2  6 75 18  0
 0  1      0 2749304 241448 4185208    0    0     0 11012 10927 19468  3  7 74 16  0
 0  1      0 2749304 241448 4185408    0    0     0 11624 11530 20604  2  8 73 16  0
 0  1      0 2748548 241448 4185600    0    0     0 12200 12263 22137  3  7 73 17  0
 1  1      0 2694032 241448 4199356    0    0     0 29548 10774 19041  7 10 68 16  0
 1  0      0 2675888 241448 4211820    0    0     0 25164 16217 29470 13 11 64 12  0
 3  0      0 2674628 241448 4211848    0    0     0  4120 22794 41942 16  9 73  3  0
 1  0      0 2670876 241448 4211868    0    0     0  2476 19630 36272 15  8 76  1  0
 1  0      0 2670652 241448 4211868    0    0     0  1904 16951 31738 16  9 74  1  0
 1  0      0 2668492 241448 4211876    0    0     0  7136 24272 45480 16  9 74  1  0
 1  0      0 2668492 241448 4211984    0    0     0  7072 1365 2304  0  1 97  2  0
 1  0      0 2667988 241448 4211984    0    0     0   828  541  783  0  1 98  1  0
 1  0      0 2667988 241448 4211984    0    0     0  7656 6814 11631 12  9 74  5  0
 0  0      0 2667484 241448 4212140    0    0     0  2268 10765 18685  8  8 80  4  0
 0  0      0 2667484 241448 4212252    0    0     0   384  393  495  0  1 99  0  0
 1  0      0 2667968 241448 4212252    0    0     0   964 5229 8951  5  4 89  2  0
 9  0      0 2663616 241448 4212792    0    0     0  6012 20862 40576 21 13 62  4  0
procs -----------memory---------- ---swap-- -----io---- -system-- ------cpu-----
 r  b   swpd   free   buff  cache   si   so    bi    bo   in   cs us sy id wa st
14  0      0 2655996 241448 4218016    0    0     0 12568 11798 35081 55 29 13  3  0
15  0      0 2648356 241448 4219780    0    0     0  7204 10222 30680 48 38 11  4  0
13  1      0 2645692 241448 4220984    0    0     0  8252 15941 50428 59 30  9  1  0
13  1      0 2643524 241448 4221852    0    0     0  6296 18590 61760 59 31  8  1  0
14  0      0 2637120 241448 4224708    0    0     0  8604 17142 57730 60 30  8  2  0
15  0      0 2634816 241448 4225776    0    0     0  6160 12784 45830 56 30 12  2  0
11  1      0 2630440 241448 4227928    0    0     0  8196 18189 61040 57 34  8  1  0
11  1      0 2635072 241448 4229232    0    0     0 15332 17028 52445 61 29 10  1  0
12  1      0 2629652 241448 4230344    0    0     0  6884 18598 61738 56 36  7  1  0
13  1      0 2629668 241448 4233192    0    0     0  8972 18082 56565 58 32  9  1  0
13  0      0 2626452 241448 4234208    0    0     0  7284 15681 50994 58 32  7  2  0
14  1      0 2626032 241448 4236320    0    0     0  9012 16532 53068 59 31  9  2  0
17  0      0 2621528 241448 4238248    0    0     0  7632 14941 46937 58 29 10  3  0
12  1      0 2618744 241448 4239404    0    0     0  6668 16648 57827 63 31  6  1  0
16  0      0 2615028 241448 4242448    0    0     0  9416 18753 63357 62 29  7  1  0
12  0      0 2613188 241448 4243128    0    0     0  8020 17535 54019 62 30  7  1  0
11  0      0 2612328 241448 4245172    0    0     0  9192 17825 57509 64 30  6  1  0
12  0      0 2612044 241448 4246296    0    0     0  8600 18355 60398 65 28  7  0  0
14  0      0 2606572 241448 4247228    0    0     0  7864 16934 56638 63 31  5  1  0
17  0      0 2607840 241448 4247892    0    0     0  7324 18804 60937 66 28  6  0  0
11  0      0 2604956 241448 4251080    0    0     0 10384 16805 53860 64 29  6  1  0
procs -----------memory---------- ---swap-- -----io---- -system-- ------cpu-----
 r  b   swpd   free   buff  cache   si   so    bi    bo   in   cs us sy id wa st
14  0      0 2604184 241448 4252732    0    0     0  8048 19553 62703 64 30  6  1  0
13  0      0 2602700 241448 4253792    0    0     0  7460 16288 51958 64 26  9  2  0
16  0      0 2599848 241448 4254760    0    0     0 20520 16078 51242 64 25 10  1  0
15  1      0 2600220 241448 4255564    0    0     0  8156 15855 54378 62 31  6  1  0
12  0      0 2598520 241448 4258212    0    0     0  9280 14835 48351 63 27  9  1  0
14  0      0 2595392 241448 4259096    0    0     0  7116 16438 56995 64 29  7  1  0
14  0      0 2596452 241448 4261052    0    0     0  8276 17760 62374 65 26  8  1  0
15  0      0 2596460 241448 4261748    0    0     0  7164 15586 51118 67 28  5  1  0
17  1      0 2595980 241448 4262636    0    0     0  7056 15249 49259 65 28  6  1  0
 9  1      0 2595100 241448 4262952    0    0     0  5124 14092 46172 64 28  7  1  0
17  0      0 2593236 241448 4264256    0    0     0  7748 16760 52204 69 26  4  1  0
14  1      0 2596688 241448 4266852    0    0     0  7964 14073 43321 64 29  6  1  0
11  1      0 2589680 241448 4267912    0    0     0  7984 18003 61878 66 29  5  1  0
12  1      0 2583400 241448 4276188    0    0     0 14456 15960 52837 63 30  6  1  0
12  0      0 2578412 241448 4282364    0    0     0 12568 18111 57565 63 30  6  1  0
 6  0      0 2570376 241448 4283332    0    0     0 10452 17736 57677 67 27  5  0  0
12  0      0 2569672 241448 4284180    0    0     0  7640 17321 58056 65 28  6  1  0
11  0      0 2567864 241448 4284856    0    0     0  6752 17795 57325 68 27  4  0  0
15  0      0 2569076 241448 4285456    0    0     0  6364 16189 50868 72 25  2  1  0
14  0      0 2568072 241448 4286124    0    0     0  5312 17498 56840 67 27  5  1  0
10  1      0 2566868 241448 4287016    0    0     0  7812 17209 56402 69 27  4  1  0
procs -----------memory---------- ---swap-- -----io---- -system-- ------cpu-----
 r  b   swpd   free   buff  cache   si   so    bi    bo   in   cs us sy id wa st
13  1      0 2565824 241448 4288216    0    0     0  7780 16877 54879 72 24  4  0  0
11  0      0 2563652 241448 4288852    0    0     0 20912 18701 61410 67 28  5  0  0
12  0      0 2563384 241448 4289728    0    0     0  7532 14568 46584 69 24  7  0  0
14  0      0 2562856 241448 4290296    0    0     0  6044 13465 41138 67 27  6  1  0
13  0      0 2562480 241448 4291160    0    0     0  5716 15266 50992 70 25  4  1  0
11  0      0 2562496 241448 4293416    0    0     0  9092 18182 60937 68 27  5  1  0
13  0      0 2561560 241448 4294016    0    0     0  6868 13963 40733 67 25  5  3  0
14  1      0 2560720 241448 4295688    0    0     0  8044 15423 45664 66 28  5  1  0
13  0      0 2558048 241448 4296712    0    0     0  6840 13090 42413 65 29  5  1  0
13  2      0 2557368 241448 4297412    0    0     0  7684 17020 52814 71 24  4  1  0
13  1      0 2554892 241448 4298088    0    0     0  6080 12123 36069 68 27  5  1  0
15  2      0 2553400 241448 4300060    0    0     0 11412 14364 42876 68 26  5  1  0
13  0      0 2551220 241448 4302672    0    0     0  9500 17270 55122 69 27  4  1  0
14  1      0 2545756 241448 4306048    0    0     0 11208 15426 48981 68 27  4  1  0
12  0      0 2538776 241448 4315060    0    0     0 16248 15916 47006 70 25  5  1  0
17  0      0 2538048 241448 4315996    0    0     0  6648 16017 49268 69 25  5  1  0
15  1      0 2536524 241448 4316760    0    0     0  5308 16873 54586 69 25  5  0  0
 0  0      0 2541008 241448 4317416    0    0     0  5040 11092 34112 51 16 33  1  0
 2  0      0 2540272 241448 4317368    0    0     0  1524  807 1171  1  1 97  0  0
