procs -----------memory---------- ---swap-- -----io---- -system-- ------cpu-----
 r  b   swpd   free   buff  cache   si   so    bi    bo   in   cs us sy id wa st
 3  0      0 3540652  19272 294880    0    0    19     3  226  257  5  2 93  0  0
 0  0      0 3513328  19272 294932    0    0     0     0  757 1172  2  1 97  0  0
 0  0      0 3510836  19272 294932    0    0     0     0  170  281  0  1 99  0  0
 0  0      0 3510836  19272 294932    0    0     0     0   52   46  0  0 100  0  0
 0  0      0 3511564  19272 294932    0    0     0     0  173  287  0  0 99  0  0
 0  0      0 3511628  19284 294920    0    0     0   956  121  132  0  0 100  0  0
 0  0      0 3512668  19284 294932    0    0     0     8  204  286  0  1 99  0  0
 0  0      0 3512668  19292 294924    0    0     0    36   73   75  0  0 100  0  0
 0  0      0 3511192  19292 294932    0    0     0     0  182  288  0  0 100  0  0
 0  0      0 3511552  19292 294932    0    0     0     0 1103 1356  0  0 99  0  0
 1  0      0 3508584  19292 294928    0    0     0    52  579  802  0  1 99  0  0
 0  0      0 3507604  19292 294928    0    0     0     0  482  555  0  0 100  0  0
 0  0      0 3504336  19292 294928    0    0     0     0  196  272  0  0 100  0  0
 0  0      0 3500812  19300 294928    0    0     0    12 1269 1512  0  1 99  0  0
 0  0      0 3500844  19300 294928    0    0     0     4  162  118  0  0 100  0  0
 0  0      0 3500592  19300 294928    0    0     0     4 1421 1816  1  1 98  0  0
 1  0      0 3485312  19300 294928    0    0     0     0 4024 4404 23  8 69  0  0
 1  0      0 3472216  19300 294928    0    0     0     0 2522 2187 24  8 68  0  0
 1  0      0 3472288  19300 294928    0    0     0     0  445  354  9  2 89  0  0
 1  0      0 3467340  19308 294928    0    0     0    12 1171 1149 16  4 68 12  0
 2  0      0 3458860  19308 294928    0    0     0     0 3709 3259 26  8 66  0  0
procs -----------memory---------- ---swap-- -----io---- -system-- ------cpu-----
 r  b   swpd   free   buff  cache   si   so    bi    bo   in   cs us sy id wa st
 1  0      0 3457768  19308 294928    0    0     0    12 2785 2497 25  7 68  0  0
 1  0      0 3456456  19308 294932    0    0     0     0 2890 2443 26  7 67  0  0
 1  0      0 3454040  19308 294932    0    0     0     0 3184 2980 26  8 67  0  0
 1  0      0 3453212  19308 294948    0    0     0     0 4424 4118 27  7 66  0  0
 1  0      0 3451228  19316 294948    0    0     0    12 4220 4098 27  8 66  0  0
 1  0      0 3452304  19316 294948    0    0     0     0 3901 3610 25  8 67  0  0
 1  0      0 3450352  19316 294948    0    0     0    16 4756 4677 27  8 65  0  0
 1  0      0 3449228  19316 294964    0    0     0     0 3901 3692 26  7 67  0  0
 2  0      0 3449744  19316 294964    0    0     0     0 3980 3807 27  7 66  0  0
 1  0      0 3448264  19324 294964    0    0     0    20 4424 4187 27  8 65  0  0
 2  0      0 3447780  19324 294964    0    0     0     0 2164 1849 23  7 69  0  0
 1  0      0 3448700  19324 294964    0    0     0     8 2721 2313 25  7 68  0  0
 1  0      0 3448292  19324 294964    0    0     0     4 3236 3116 24  7 68  0  0
 1  0      0 3449916  19324 294964    0    0     0     0 2947 2514 22  6 72  0  0
 2  0      0 3448224  19332 294948    0    0     0    20 2844 2548 25  8 67  0  0
 1  0      0 3447396  19332 294948    0    0     0     0 3005 2741 25  8 67  0  0
 2  0      0 3449112  19332 294952    0    0     0     0 3761 3624 26  7 67  0  0
 1  0      0 3448404  19332 294952    0    0     0     0 3661 3382 26  7 67  0  0
 1  0      0 3448392  19332 294952    0    0     0    12 2123 2020 21  6 74  0  0
 1  0      0 3447496  19340 294952    0    0     0    20 3435 3104 26  8 65  0  0
 4  0      0 3447980  19340 294952    0    0     0     0 2602 2294 26  6 68  0  0
procs -----------memory---------- ---swap-- -----io---- -system-- ------cpu-----
 r  b   swpd   free   buff  cache   si   so    bi    bo   in   cs us sy id wa st
 1  0      0 3447540  19340 294952    0    0     0     0 2390 1994 25  7 68  0  0
 1  0      0 3447388  19340 294952    0    0     0     0 3577 3458 24  9 67  0  0
 1  0      0 3447544  19340 294956    0    0     0     0 3068 2633 25  8 67  0  0
 1  0      0 3448224  19340 294956    0    0     0    12 3828 3678 25 10 65  0  0
 2  0      0 3450008  19348 294940    0    0     0    20 3713 3330 26  7 67  0  0
 1  0      0 3448040  19348 294940    0    0     0     0 3501 3280 26  9 65  0  0
 1  0      0 3448184  19348 294940    0    0     0     0 3977 3696 26  6 67  0  0
 1  0      0 3447096  19348 294928    0    0     0     0 3012 2796 26  7 67  0  0
 1  0      0 3447992  19348 294928    0    0     0     0 3728 3418 26  7 67  0  0
 1  0      0 3448016  19356 294928    0    0     0    32 3323 3112 25  8 67  0  0
 1  0      0 3447720  19356 294928    0    0     0     0 3236 2660 24  7 68  0  0
 1  0      0 3445868  19356 294928    0    0     0     0 3834 3635 27  8 65  0  0
 1  0      0 3445948  19356 294928    0    0     0     0 3017 2643 25  8 68  0  0
 1  0      0 3444240  19356 294928    0    0     0     0 3370 3194 26  8 66  0  0
 1  0      0 3444208  19356 294928    0    0     0     4 3867 3519 26  7 67  0  0
 1  0      0 3444260  19364 294932    0    0     0    24 3605 3550 26  7 66  0  0
 1  0      0 3445020  19364 294932    0    0     0     0 4021 3810 27  7 66  0  0
 1  0      0 3444924  19364 294932    0    0     0     0 3324 3082 26  7 67  0  0
 2  0      0 3444468  19364 294932    0    0     0     0 3638 3241 26  8 66  0  0
 2  0      0 3445628  19364 294932    0    0     0     0 3236 3064 25  8 67  0  0
 1  0      0 3447172  19372 294936    0    0     0    28 3509 3104 25  8 67  0  0
procs -----------memory---------- ---swap-- -----io---- -system-- ------cpu-----
 r  b   swpd   free   buff  cache   si   so    bi    bo   in   cs us sy id wa st
 1  0      0 3445120  19372 294936    0    0     0     4 3637 3409 27  6 67  0  0
 1  0      0 3445456  19372 294936    0    0     0     0 3598 3055 25  7 68  0  0
 1  0      0 3444832  19372 294936    0    0     0     0 3491 3310 26  7 67  0  0
 1  0      0 3445184  19372 294936    0    0     0     0 3548 3145 26  7 67  0  0
 1  0      0 3444672  19380 294940    0    0     0    32 4660 4462 26  8 66  0  0
 1  0      0 3445348  19380 294940    0    0     0     4 5550 5374 26  7 66  0  0
 1  0      0 3444816  19380 294940    0    0     0     0 5596 5809 27  9 65  0  0
 1  0      0 3444012  19380 294980    0    0     0     0 6540 6768 27  8 65  0  0
 1  0      0 3443952  19380 294996    0    0     0     0 6165 6624 26  9 65  0  0
 1  0      0 3441240  19380 295016    0    0     0    16 5067 4897 26  7 67  0  0
 1  0      0 3439988  19388 295016    0    0     0    24 5849 6165 27  7 66  0  0
 1  0      0 3441124  19388 294952    0    0     0     4 4609 4861 26  8 65  0  0
 3  0      0 3440988  19388 294960    0    0     0     0 8506 12062 27  9 64  0  0
 0  0      0 3541884  19404 294940    0    0     0    76 36542 71335 35 16 49  0  0
