procs -----------memory---------- ---swap-- -----io---- -system-- ------cpu-----
 r  b   swpd   free   buff  cache   si   so    bi    bo   in   cs us sy id wa st
 4  0      0 2008528 243440 4747112    0    0    43  1258 1150  152 13  8 77  2  0
 1  1      0 2049384 243440 4704464    0    0     0  6928 5845 9592  4  7 74 15  0
 4  2      0 2076880 243440 4682244    0    0     0  3100 3288 5243  4  8 64 24  0
 1  2      0 2077384 243440 4682256    0    0     0  3428 2990 4911  4  9 68 19  0
 0  1      0 2074864 243440 4682528    0    0     0 14872 13779 25544  2  6 73 19  0
 0  1      0 2074864 243440 4682832    0    0     0 14448 14409 26849  2  6 74 18  0
 0  0      0 2073408 243440 4683192    0    0     0 14888 14704 27654  2  5 75 19  0
 0  1      0 2073408 243440 4683520    0    0     0 14780 14677 27385  2  5 75 18  0
 1  0      0 2063904 243440 4704940    0    0     0 39076 12511 22765  5  8 70 17  0
 2  0      0 2037556 243440 4718600    0    0     0 27480 20027 36414 11 10 67 12  0
 1  0      0 2033048 243440 4718472    0    0     0  3948 44902 86419 10 12 76  2  0
 1  0      0 2031824 243440 4718584    0    0     0  2964 22639 43638  4  5 90  1  0
 1  0      0 2029836 243440 4718628    0    0     0  2568  780 1296  0  1 98  1  0
 2  0      0 2030356 243440 4718916    0    0     0  4308 12195 22060  2  4 92  3  0
 1  0      0 2030356 243440 4718956    0    0     0  7000 1315 2437  0  1 96  2  0
 4  1      0 2033676 243440 4719832    0    0     0  3168 6630 11736  2  2 94  2  0
14  1      0 2057024 243440 4678856    0    0     0 18660 12382 32440 28 23 40  9  0
 9  1      0 2041756 244668 4683144    0    0  1228  6036 8363 29692 25 40 22 14  0
17  2      0 2036408 244668 4685328    0    0     0  2932 3630 12736 25 36 30  9  0
 6  1      0 2036408 244668 4685696    0    0     0  4980  626 2330 21 20 41 17  0
18  0      0 2031600 244668 4690540    0    0     0  5568 10239 35833 31 38 24  7  0
procs -----------memory---------- ---swap-- -----io---- -system-- ------cpu-----
 r  b   swpd   free   buff  cache   si   so    bi    bo   in   cs us sy id wa st
 7  0      0 2028180 244668 4696592    0    0     0  7044 12611 44236 33 37 22  8  0
 2  2      0 2026540 244668 4701464    0    0     0  8452 11770 40218 31 34 28  8  0
 8  1      0 2018556 244668 4708116    0    0     0  6684 11092 38024 30 36 26  8  0
 9  0      0 2000644 244668 4717284    0    0     0 10772 16473 53471 34 36 25  5  0
15  1      0 1987196 244668 4724728    0    0     0 10668 15988 55467 36 38 22  5  0
11  2      0 1981736 244668 4731688    0    0     0 10420 15662 54959 38 34 22  6  0
 9  0      0 1980360 244668 4739372    0    0     0  8880 18472 62343 34 38 23  5  0
14  0      0 1964940 244668 4747264    0    0     0  8876 17578 57284 35 35 26  4  0
 3  1      0 1957896 244668 4753676    0    0     0 56308 17970 56243 37 34 24  6  0
14  0      0 1948632 244668 4763076    0    0     0 10604 18240 64094 35 38 22  5  0
 2  1      0 1942644 244668 4767360    0    0     0  5368 9519 32725 27 37 29  7  0
14  0      0 1938900 244668 4772952    0    0     0 16180 9692 35375 33 34 25  8  0
14  1      0 1938600 244668 4777368    0    0     0  7112 10109 33640 29 37 26  8  0
15  1      0 1925924 244668 4782640    0    0     0  7988 12960 47448 34 39 20  6  0
17  0      0 1920440 244668 4788824    0    0     0  8100 7727 27197 24 40 28  8  0
 5  0      0 1916488 244668 4793652    0    0     0  6196 8418 30384 30 33 23 14  0
 8  1      0 1905264 244668 4801492    0    0     0 10044 14050 48429 33 39 24  5  0
 9  0      0 1900792 244668 4807988    0    0     0  7488 14243 51244 31 40 22  7  0
14  1      0 1896260 244668 4812500    0    0     0  5980 11484 39491 27 35 27 11  0
 6  1      0 1900440 244668 4817436    0    0     0  6676 10711 38123 31 34 26  8  0
 3  2      0 1887680 244668 4821988    0    0     0  6052 10059 35108 27 37 28  8  0
procs -----------memory---------- ---swap-- -----io---- -system-- ------cpu-----
 r  b   swpd   free   buff  cache   si   so    bi    bo   in   cs us sy id wa st
 6  1      0 1882828 244668 4825476    0    0     0  5120 8653 29742 27 35 27 11  0
 2  1      0 1877256 244668 4833388    0    0     0  9560 12234 41963 33 36 25  6  0
 8  1      0 1874720 244668 4838096    0    0     0  6148 12281 42614 31 34 27  8  0
11  0      0 1866272 244668 4846036    0    0     0  7980 14130 48534 33 36 24  7  0
 4  1      0 1858352 244668 4852344    0    0     0  8476 15203 51359 33 38 23  7  0
 3  1      0 1849996 244668 4858520    0    0     0  8212 13606 46532 36 35 23  6  0
11  0      0 1844616 244668 4864872    0    0     0 20888 15813 53602 36 37 22  5  0
10  0      0 1845924 244668 4870052    0    0     0  7056 11398 40073 31 33 26 10  0
 9  1      0 1835488 244676 4877664    0    0     0 90060 11667 42274 34 37 22  8  0
16  1      0 1826676 244676 4883300    0    0     0  7872 12090 42327 31 35 25  9  0
21  0      0 1816748 244676 4889876    0    0     0  8476 13296 47622 34 34 25  7  0
10  1      0 1811636 244676 4895512    0    0     0  6920 12686 45987 34 34 25  7  0
17  0      0 1810912 244676 4901056    0    0     0  7220 11730 41109 30 37 24  8  0
12  0      0 1801848 244676 4906968    0    0     0 11616 12656 46226 33 37 24  6  0
10  0      0 1791356 244680 4912064    0    0     0  7508 12742 45571 33 38 23  6  0
13  0      0 1787964 244680 4920928    0    0     0 10060 14725 50964 39 36 21  4  0
 9  1      0 1778156 244680 4927264    0    0     0  9184 15525 53702 37 38 21  4  0
16  0      0 1770940 244680 4934508    0    0     0  8788 12692 44929 33 37 25  5  0
11  2      0 1763240 244680 4945236    0    0     0 17784 14085 48748 34 34 25  6  0
10  1      0 1752396 244680 4951412    0    0     0  9492 12592 43937 35 35 22  8  0
19  1      0 1745376 244680 4956868    0    0     0  8756 12626 42621 36 34 23  8  0
procs -----------memory---------- ---swap-- -----io---- -system-- ------cpu-----
 r  b   swpd   free   buff  cache   si   so    bi    bo   in   cs us sy id wa st
11  1      0 1741972 244680 4965188    0    0     0 23388 13830 48076 33 36 24  8  0
16  2      0 1733368 244680 4970732    0    0     0  8420 13429 44616 32 37 23  8  0
 5  1      0 1724808 244680 4976944    0    0     0  8540 12648 44931 33 37 23  7  0
 8  0      0 1724360 244680 4982292    0    0     0  7872 13019 45122 33 36 23  8  0
13  0      0 1702992 244684 4993344    0    0     4  9564 16127 58233 39 37 20  4  0
11  1      0 1704224 244684 5007012    0    0   792 21272 16876 61987 37 39 19  5  0
10  1      0 1702316 244684 5015476    0    0     0 12548 21026 80427 39 35 22  5  0
 7  1      0 1689636 244684 5028224    0    0     0 14436 20715 79281 36 38 21  5  0
14  0      0 1677580 244684 5040248    0    0     0 15528 24807 96904 37 37 21  5  0
17  0      0 1669664 244684 5048224    0    0     0  9940 16685 69665 30 35 26 10  0
10  0      0 1652744 244684 5058756    0    0     0 12748 18227 79796 32 39 23  5  0
14  0      0 1644388 244688 5069664    0    0     0 11420 20560 83947 33 35 23  9  0
 8  0      0 1636208 244688 5076832    0    0     0 13316 14615 62349 29 35 25 11  0
 0  0      0 1630840 244688 5088084    0    0     0 22004 5662 22673  9 10 78  2  0
 0  0      0 1628908 244688 5088028    0    0     0  3012 2317 4023  2  3 95  1  0
