procs -----------memory---------- ---swap-- -----io---- -system-- ------cpu-----
 r  b   swpd   free   buff  cache   si   so    bi    bo   in   cs us sy id wa st
 2  0      0 3528772  23280 297584    0    0     9     3  460  559  7  2 91  0  0
 3  0      0 3501484  23280 297496    0    0     0     0  958 1695  1  1 98  0  0
 0  0      0 3501484  23280 297496    0    0     0     0   61   46  0  0 100  0  0
 0  0      0 3498320  23288 297496    0    0     0    52 1782 2290  0  1 99  0  0
 0  0      0 3498320  23288 297496    0    0     0     0   27   30  0  0 100  0  0
 0  0      0 3498612  23288 297496    0    0     0    24 1188 1546  0  1 99  0  0
 0  0      0 3498612  23288 297496    0    0     0     0   61   45  0  0 100  0  0
 2  0      0 3497312  23288 297496    0    0     0    24 1141 1469  1  1 99  0  0
 1  0      0 3459088  23296 297500    0    0     0    32 10481 12419 26  9 65  0  0
 2  0      0 3445848  23296 297392    0    0     0     0 10952 12376 32  9 59  0  0
 1  0      0 3439316  23296 297396    0    0     0     0 11063 12857 32 11 58  0  0
 2  0      0 3433364  23296 297432    0    0     0     4 11843 14005 32 10 58  0  0
 3  0      0 3425428  23296 297468    0    0     0     0 11406 13670 33  9 58  0  0
 2  0      0 3420620  23304 297504    0    0     0    72 12216 14597 33 10 57  0  0
 3  0      0 3418060  23304 297540    0    0     0     0 13499 16030 34 10 56  0  0
 4  0      0 3413876  23304 297580    0    0     0     0 13072 15433 33 10 57  0  0
 3  0      0 3409492  23304 297612    0    0     0     0 13005 15362 34  9 57  0  0
 1  0      0 3406148  23304 297636    0    0     0     4 13573 16247 33 10 57  0  0
 1  0      0 3402092  23312 297672    0    0     0    52 13627 16066 36  9 55  0  0
 3  0      0 3399284  23312 297692    0    0     0     0 13239 15737 35 10 56  0  0
 1  0      0 3397352  23312 297700    0    0     0     0 12635 15153 33  9 58  0  0
procs -----------memory---------- ---swap-- -----io---- -system-- ------cpu-----
 r  b   swpd   free   buff  cache   si   so    bi    bo   in   cs us sy id wa st
 3  0      0 3393560  23312 297720    0    0     0     0 13032 15415 35  9 56  0  0
 4  0      0 3392332  23312 297724    0    0     0     0 14282 16993 33 10 58  0  0
 2  0      0 3390084  23320 297728    0    0     0    56 13303 15954 33  9 58  0  0
 2  0      0 3388944  23320 297748    0    0     0     0 13515 16135 36  9 56  0  0
 2  0      0 3386396  23320 297768    0    0     0     0 11774 14160 35 10 55  0  0
 4  0      0 3384784  23320 297808    0    0     0     0 12804 15370 35  9 56  0  0
 3  0      0 3381448  23320 297844    0    0     0     0 12410 15242 34  9 57  0  0
 4  0      0 3379844  23328 297848    0    0     0    56 13180 16335 33 10 57  0  0
 1  0      0 3376212  23328 297848    0    0     0     4 12820 15718 36  9 56  0  0
 4  0      0 3373480  23328 297856    0    0     0     0 12082 14447 33 11 56  0  0
 2  0      0 3374320  23328 297860    0    0     0   940 12220 14715 34 11 55  0  0
 1  0      0 3373788  23328 297868    0    0     0     0 12361 14959 35  9 56  0  0
 2  0      0 3372792  23340 297876    0    0     0    92 13887 17102 34  9 56  0  0
 2  0      0 3372092  23340 297900    0    0     0     0 13374 16071 34 10 56  0  0
 3  0      0 3370924  23340 297920    0    0     0     4 13153 15845 34  9 57  0  0
 2  0      0 3368492  23340 297928    0    0     0     0 13875 16362 33 10 57  0  0
 1  0      0 3365668  23340 297960    0    0     0     0 13349 16174 35  9 56  0  0
 4  0      0 3364016  23356 297988    0    0     0    52 14141 17235 37  9 54  0  0
 2  0      0 3361956  23356 297992    0    0     0     0 13683 16490 37  9 54  0  0
 2  0      0 3361880  23356 298016    0    0     0     0 13199 15933 36  9 55  0  0
 1  0      0 3361072  23356 298020    0    0     0     4 13514 16645 34 10 56  0  0
procs -----------memory---------- ---swap-- -----io---- -system-- ------cpu-----
 r  b   swpd   free   buff  cache   si   so    bi    bo   in   cs us sy id wa st
 4  0      0 3361364  23356 298024    0    0     0     0 10878 13195 36  8 56  0  0
 4  0      0 3359732  23368 298016    0    0     0    56 13219 16145 33 10 57  0  0
 2  0      0 3360576  23368 298044    0    0     0     0 12539 15148 34  9 57  0  0
 1  0      0 3359340  23368 298052    0    0     0     0 12207 14548 33  9 58  0  0
 1  0      0 3359956  23368 298056    0    0     0     0 12489 14901 36  8 55  0  0
 3  0      0 3358712  23368 297996    0    0     0     8 12767 15066 34  9 56  0  0
 3  0      0 3359256  23380 297992    0    0     0    32 13040 15403 32  9 59  0  0
 4  0      0 3359332  23380 298000    0    0     0    44 12654 15345 34  8 58  0  0
 3  0      0 3360276  23380 298008    0    0     0     0 13447 16329 35 10 55  0  0
 2  0      0 3358924  23380 298016    0    0     0     0 13880 17145 35 10 55  0  0
 2  0      0 3359076  23380 298020    0    0     0     0 13138 15502 34  8 58  0  0
 3  0      0 3359220  23380 298024    0    0     0     4 11659 14319 33 10 57  0  0
 1  0      0 3358900  23392 298028    0    0     0    52 13288 15606 36 10 55  0  0
 1  0      0 3361112  23392 298032    0    0     0     0 11533 13719 35 10 55  0  0
 2  0      0 3360212  23392 298036    0    0     0     0 13055 15682 34  9 57  0  0
 1  0      0 3362136  23392 298040    0    0     0     0 12763 15382 35 10 55  0  0
 4  1      0 3360384  23404 298028    0    0     0    28 12712 15181 34  8 58  0  0
 3  0      0 3362424  23404 298044    0    0     0    40 12819 15757 35  8 57  0  0
 1  0      0 3362648  23404 298028    0    0     0     0 12051 14781 35  9 56  0  0
 2  0      0 3360944  23404 298024    0    0     0     0 12201 14557 37  9 54  0  0
 2  0      0 3360952  23404 298048    0    0     0     0 13584 16404 35 10 55  0  0
procs -----------memory---------- ---swap-- -----io---- -system-- ------cpu-----
 r  b   swpd   free   buff  cache   si   so    bi    bo   in   cs us sy id wa st
 2  0      0 3360396  23416 298056    0    0     0    28 12770 15670 35 10 55  0  0
 1  0      0 3359448  23416 298060    0    0     0    32 13228 16186 33 10 57  0  0
 2  0      0 3358700  23416 298068    0    0     0     4 12455 14800 33 10 57  0  0
 1  0      0 3360028  23416 298072    0    0     0     0 11190 13654 32  9 58  0  0
 2  0      0 3359488  23416 298080    0    0     0     0 12491 14745 34  8 58  0  0
 2  1      0 3525812  23428 298076    0    0     0    56 44417 86395 45 22 33  0  0
