procs -----------memory---------- ---swap-- -----io---- -system-- ------cpu-----
 r  b   swpd   free   buff  cache   si   so    bi    bo   in   cs us sy id wa st
 3  0      0 971908 237656 6208748    0    0    22  1443 1151 1401 12 10 77  2  0
 0  1      0 1088796 237656 6081856    0    0   472 13516 18162 35093  2  6 78 15  0
 1  0      0 1073312 237656 6099136    0    0  1940 28640 21019 39981  2  6 75 17  0
 0  0      0 996344 237656 6126976    0    0   392 38440 25912 47523 10  9 70 12  0
 2  0      0 996448 237656 6126968    0    0     0   144  403  544  0  0 100  0  0
 3  1      0 995440 237656 6126968    0    0     0  1264  499  819  1  2 97  0  0
 1  1      0 995440 237656 6127172    0    0     0  5308 4825 8282  2  2 94  2  0
 2  0      0 994936 237656 6127176    0    0     0  2016  633 1126  0  1 98  1  0
 7  0      0 940092 237656 6133884    0    0     0 16372 17389 52793 24 22 50  4  0
12  0      0 924188 237660 6141224    0    0     0 20000 16881 69093 41 38 16  4  0
15  0      0 914776 237660 6149480    0    0     0 16532 18066 85066 42 40 15  3  0
13  1      0 899548 237660 6156084    0    0     0 15508 16415 87294 44 37 15  3  0
17  1      0 884548 237660 6165040    0    0     0 17704 18059 93800 46 38 13  3  0
11  1      0 876028 237660 6169500    0    0     0 38184 16376 81899 46 36 15  4  0
13  0      0 870788 237660 6179376    0    0     0 20256 17629 104568 49 36 13  3  0
16  0      0 859192 237660 6183232    0    0     0 13888 17859 89062 49 38 11  2  0
18  1      0 851096 237660 6187200    0    0     0 16492 17601 85511 46 39 12  3  0
18  1      0 842056 237660 6196500    0    0     0 19496 18658 93643 47 41 10  2  0
14  1      0 838212 237660 6200056    0    0     0 17336 19148 83543 44 39 13  4  0
14  0      0 830300 237660 6203012    0    0     0 13128 18109 94292 48 38 11  3  0
12  1      0 827896 237660 6209788    0    0     0 21948 16802 94013 47 39 12  2  0
procs -----------memory---------- ---swap-- -----io---- -system-- ------cpu-----
 r  b   swpd   free   buff  cache   si   so    bi    bo   in   cs us sy id wa st
22  1      0 815924 237660 6212628    0    0     0 13532 17831 90532 48 36 13  3  0
15  0      0 800532 237660 6218900    0    0     0 17492 17867 94049 46 40 10  4  0
10  0      0 798908 237660 6223312    0    0     0 23916 19743 95687 44 40 13  3  0
12  0      0 795992 237660 6227148    0    0     0 20104 17156 90051 49 38 10  3  0
11  0      0 791624 237660 6230084    0    0     0 13212 16967 89769 45 39 13  3  0
16  0      0 776984 237660 6238144    0    0     0 26648 16301 98182 48 41  8  3  0
11  1      0 765180 237660 6249516    0    0     0 25624 17203 91650 46 40 11  3  0
15  0      0 762660 237660 6253704    0    0     0 34140 16590 100860 50 38  8  3  0
20  0      0 755512 237660 6256624    0    0     0 11880 16513 107172 51 37  9  3  0
11  0      0 771684 237664 6242172    0    0     0 20388 17596 90729 47 37 13  3  0
23  0      0 752880 237664 6255600    0    0     0 22660 16794 89666 46 40 10  3  0
22  0      0 744232 237664 6265560    0    0     0 19376 16757 86448 46 39 12  4  0
19  0      0 731160 237664 6275312    0    0     0 18984 17042 107483 50 39  9  2  0
18  1      0 728804 237664 6280120    0    0     0 15612 18037 94780 48 40 10  3  0
 9  0      0 711388 237664 6288112    0    0     0 19232 17596 90479 48 38 11  3  0
13  1      0 707176 237664 6292200    0    0     4 15068 17694 101790 49 39 10  3  0
11  1      0 703708 237664 6295872    0    0     0 15068 17285 90317 46 39 13  3  0
18  1      0 696596 237664 6301524    0    0     0 14928 17951 100416 50 39  9  2  0
13  0      0 684176 237664 6308816    0    0     0 19292 19070 94419 47 41  9  2  0
11  1      0 674524 237664 6312108    0    0     0 15116 17386 93055 47 40  9  4  0
13  1      0 670744 237664 6319064    0    0     0 23940 17912 89099 50 38  9  3  0
procs -----------memory---------- ---swap-- -----io---- -system-- ------cpu-----
 r  b   swpd   free   buff  cache   si   so    bi    bo   in   cs us sy id wa st
13  0      0 670964 237664 6321556    0    0     0 13532 15774 90813 50 38  9  2  0
13  0      0 671496 237664 6324460    0    0     0 13892 17650 88030 46 38 12  4  0
11  0      0 664176 237664 6326932    0    0     0 27904 16500 109475 52 37  8  3  0
 9  0      0 657000 237664 6329380    0    0     0 30452 17018 92367 48 37 11  3  0
 9  0      0 651564 237664 6332276    0    0     0 13460 18128 86649 44 38 14  4  0
12  1      0 643708 237664 6338848    0    0     0 20828 16885 96761 46 40 11  3  0
11  0      0 637036 237664 6345816    0    0     0 17564 17916 98763 49 38 10  3  0
12  0      0 637304 237664 6349068    0    0     0 14016 17374 104093 45 41 11  3  0
10  0      0 633800 237664 6351728    0    0     0 14224 17975 96753 48 37 11  4  0
10  1      0 629424 237664 6354324    0    0     0 13664 17484 109688 50 36 11  2  0
16  0      0 631184 237664 6357168    0    0     0 14128 19384 94611 45 38 15  3  0
14  1      0 620128 237664 6364364    0    0     0 18144 16701 97640 48 39  9  3  0
21  0      0 610628 237664 6370964    0    0     0 17840 17381 86155 49 37 11  3  0
10  1      0 609812 237664 6373840    0    0     0 15072 15795 85150 47 39 11  3  0
 9  0      0 605396 237664 6376432    0    0     0 15240 17128 88864 49 36 11  4  0
17  0      0 598748 237664 6380348    0    0     0 16100 17662 97314 47 39 10  4  0
13  0      0 592512 237664 6387252    0    0     0 17976 17884 94382 49 36 12  3  0
11  0      0 588300 237664 6390200    0    0     0 21924 17129 116663 49 39 10  2  0
15  1      0 582696 237664 6397632    0    0     0 14980 16376 94022 49 35 13  3  0
12  0      0 571224 237664 6406416    0    0     0 19228 18122 90640 47 36 13  3  0
12  1      0 563940 237664 6411688    0    0     0 19376 17688 91817 49 38 11  2  0
procs -----------memory---------- ---swap-- -----io---- -system-- ------cpu-----
 r  b   swpd   free   buff  cache   si   so    bi    bo   in   cs us sy id wa st
16  0      0 563868 237664 6415824    0    0     0 14748 16887 103668 52 36 10  2  0
13  0      0 552932 237668 6425620    0    0     0 30380 16109 117356 54 37  7  2  0
16  0      0 547940 237668 6427740    0    0     0 35644 15796 104094 49 38 10  3  0
14  2      0 550444 237668 6434116    0    0     0 18444 15579 95941 47 39 11  4  0
13  0      0 536140 237668 6437092    0    0     0 17712 16774 93804 50 35 11  3  0
 1  0      0 534836 237668 6441900    0    0     0 13748 7409 39099 20 16 62  2  0
 0  0      0 535960 237668 6441492    0    0     0  5660 1351 2303  0  1 97  2  0
