procs -----------memory---------- ---swap-- -----io---- -system-- ------cpu-----
 r  b   swpd   free   buff  cache   si   so    bi    bo   in   cs us sy id wa st
 5  0      0 3530960  22832 297328    0    0     9     3  427  519  6  2 92  0  0
 0  0      0 3503288  22832 297224    0    0     0     0 1247 1477  1  1 98  0  0
 0  0      0 3504340  22832 297224    0    0     0     4   72   61  0  0 100  0  0
 0  0      0 3503836  22832 297224    0    0     0     0  162  268  0  0 100  0  0
 0  0      0 3503836  22832 297224    0    0     0     0   39   36  0  0 100  0  0
 0  0      0 3501148  22840 297224    0    0     0    72 1837 2330  0  1 98  0  0
 0  0      0 3501148  22840 297224    0    0     0     8   42   37  0  0 100  0  0
 0  0      0 3498900  22840 297224    0    0     0     4  535  758  0  1 99  0  0
 0  0      0 3498648  22840 297224    0    0     0     0  695  822  0  0 99  0  0
 1  0      0 3497656  22840 297224    0    0     0     0  165  270  0  0 100  0  0
 1  0      0 3461116  22848 297224    0    0     0    72 8998 10983 21  6 73  0  0
 1  0      0 3450480  22848 297228    0    0     0     0 10851 12207 28  9 62  0  0
 3  0      0 3442220  22848 297232    0    0     0     0 10326 11724 29 10 61  0  0
 1  0      0 3438148  22848 297236    0    0     0     4 10262 11726 30 10 60  0  0
 1  0      0 3433040  22848 297240    0    0     0     0 9730 10961 30 10 60  0  0
 2  0      0 3428392  22856 297244    0    0     0    44 11127 12769 33  8 59  0  0
 1  0      0 3426776  22856 297248    0    0     0     0 10970 12469 31 10 59  0  0
 4  0      0 3420588  22856 297268    0    0     0     0 10987 12918 33  9 58  0  0
 1  0      0 3419572  22856 297268    0    0     0     0 10827 11981 29  9 62  0  0
 1  0      0 3416500  22856 297276    0    0     0     4 11284 12907 32  9 58  0  0
 1  0      0 3413832  22864 297296    0    0     0    48 11031 12529 32  7 60  0  0
procs -----------memory---------- ---swap-- -----io---- -system-- ------cpu-----
 r  b   swpd   free   buff  cache   si   so    bi    bo   in   cs us sy id wa st
 2  0      0 3412072  22864 297316    0    0     0     0 10860 12757 30  9 61  0  0
 2  0      0 3411196  22864 297316    0    0     0     0 11612 13175 30 10 60  0  0
 4  0      0 3407536  22864 297324    0    0     0     0 10474 12163 33  9 59  0  0
 2  0      0 3405664  22864 297360    0    0     0     0 10596 11586 32  8 60  0  0
 3  0      0 3405100  22872 297316    0    0     0    44 9922 11442 31  9 61  0  0
 3  0      0 3404596  22872 297316    0    0     0     0 10223 11551 30 10 60  0  0
 2  0      0 3403640  22872 297324    0    0     0     0 10966 12806 32  9 59  0  0
 1  0      0 3402008  22872 297324    0    0     0     0 10011 11333 32  8 60  0  0
 1  0      0 3397064  22872 297348    0    0     0     0 9823 11173 32  9 59  0  0
 1  0      0 3396576  22880 297344    0    0     0   996 10830 12265 31  7 62  0  0
 1  0      0 3396552  22880 297372    0    0     0     4 10587 12443 33  9 58  0  0
 1  0      0 3394820  22880 297392    0    0     0     0 10965 12685 33  9 58  0  0
 2  0      0 3394860  22880 297412    0    0     0     0 11096 12575 28 10 61  0  0
 1  0      0 3392584  22880 297412    0    0     0     0 10918 12799 33  8 59  0  0
 2  0      0 3389452  22888 297452    0    0     0    44 10875 12866 32  9 59  0  0
 2  0      0 3389352  22888 297452    0    0     0    24 10258 11806 32  8 60  0  0
 1  0      0 3387856  22888 297460    0    0     0     4 11078 13249 32  9 59  0  0
 2  0      0 3387748  22888 297464    0    0     0     0 10779 12346 31  8 61  0  0
 1  0      0 3385556  22888 297464    0    0     0     0 10770 12706 33  8 59  0  0
 1  0      0 3385376  22896 297472    0    0     0    56 11387 13314 31 10 59  0  0
 2  0      0 3384704  22896 297476    0    0     0    24 11613 13756 32  9 59  0  0
procs -----------memory---------- ---swap-- -----io---- -system-- ------cpu-----
 r  b   swpd   free   buff  cache   si   so    bi    bo   in   cs us sy id wa st
 1  0      0 3384512  22896 297480    0    0     0     0 11944 13814 32  9 59  0  0
 2  0      0 3381188  22896 297484    0    0     0     4 11590 13421 29 10 61  0  0
 1  0      0 3380916  22896 297488    0    0     0     0 10451 12146 33  9 58  0  0
 1  0      0 3379828  22904 297512    0    0     0    24 11465 13588 32  9 59  0  0
 1  0      0 3378144  22904 297528    0    0     0    24 11309 12978 33  7 60  0  0
 2  0      0 3377444  22904 297568    0    0     0     0 11397 13459 34  8 58  0  0
 2  0      0 3376744  22904 297580    0    0     0     0 10939 12632 33  7 60  0  0
 4  0      0 3377440  22904 297584    0    0     0     8 11436 13535 31 11 59  0  0
 4  0      0 3376608  22912 297600    0    0     0    44 10614 12324 30  8 61  0  0
 4  0      0 3374132  22912 297608    0    0     0    24 11441 13380 32  9 59  0  0
 2  0      0 3373728  22912 297612    0    0     0     0 10628 12409 31  9 60  0  0
 1  0      0 3376044  22912 297620    0    0     0     0 10370 12244 34  8 59  0  0
 1  0      0 3375752  22912 297580    0    0     0     0 10861 12445 33  7 60  0  0
 2  0      0 3376384  22920 297552    0    0     0    28 11226 13193 33  9 59  0  0
 2  0      0 3375844  22920 297548    0    0     0    28 11939 13850 33  9 58  0  0
 2  0      0 3378012  22920 297552    0    0     0     0 10728 12523 32  8 60  0  0
 2  0      0 3377336  22920 297560    0    0     0     0 11006 12950 32  8 60  0  0
 1  0      0 3376160  22920 297560    0    0     0     0 11936 13968 32 10 58  0  0
 3  0      0 3374768  22928 297568    0    0     0    40 11196 12973 33  8 59  0  0
 1  0      0 3376412  22928 297568    0    0     0    28 11143 13136 31  9 60  0  0
 1  0      0 3379332  22928 297556    0    0     0     0 10961 12770 31  8 61  0  0
procs -----------memory---------- ---swap-- -----io---- -system-- ------cpu-----
 r  b   swpd   free   buff  cache   si   so    bi    bo   in   cs us sy id wa st
 1  0      0 3378632  22928 297528    0    0     0     0 10732 12789 33  9 58  0  0
 3  0      0 3379164  22928 297516    0    0     0     0 11270 13116 30  9 61  0  0
 1  0      0 3379036  22936 297496    0    0     0    24 11084 13053 31  8 60  0  0
 1  0      0 3379216  22936 297508    0    0     0     0 11613 13628 31  9 60  0  0
 1  0      0 3381628  22936 297512    0    0     0    24 11415 13591 31  9 60  0  0
 4  0      0 3382228  22936 297516    0    0     0     0 10458 11890 30  9 61  0  0
 1  0      0 3383948  22936 297520    0    0     0     0 10794 12666 30 10 60  0  0
 0  0      0 3534888  22936 297500    0    0     0    44 22245 41392 30 11 59  0  0
