procs -----------memory---------- ---swap-- -----io---- -system-- ------cpu-----
 r  b   swpd   free   buff  cache   si   so    bi    bo   in   cs us sy id wa st
 2  0      0 425536 237688 6066312    0    0    22  1359 1105 1106 11  9 77  2  0
 0  1      0 535472 237688 5950240    0    0     0 24136 14716 27979  3  5 74 18  0
 0  1      0 535472 237688 5950644    0    0     0 20064 16851 32340  1  6 74 19  0
 2  0      0 534504 237692 5951116    0    0     0 20404 17214 33140  2  5 75 19  0
 1  1      0 533324 237692 5963524    0    0     0 35736 16718 32166  2  6 72 19  0
 1  0      0 482308 237692 5986596    0    0    84 46624 22117 40683  9  9 68 14  0
 2  0      0 482308 237692 5986772    0    0    36  4188 5214 9456  1  2 95  1  0
 1  0      0 482056 237692 5986776    0    0     0  3308  710 1333  0  1 98  1  0
 2  0      0 482056 237692 5987940    0    0   476  8548 5274 9112  1  3 92  3  0
 0  0      0 479788 237692 5987964    0    0    46  3372  626 1012  0  1 98  1  0
 8  0      0 474652 237692 5993588    0    0     0 18752 10995 29517 13 10 73  4  0
 4  5      0 491688 238804 5962668    0    0  1280 19916 17006 67548 38 41 16  5  0
14  2      0 479256 238804 5973292    0    0     0 22008 18400 68690 38 37 19  7  0
10  0      0 466508 238804 5985008    0    0     0 23192 17123 60544 35 41 17  7  0
11  0      0 455816 238804 5994508    0    0     0 22840 17050 54525 36 41 16  7  0
10  2      0 440704 238804 6006368    0    0     0 56172 19031 60603 33 42 19  6  0
18  1      0 438276 238804 6015592    0    0     0 28508 18669 63097 33 43 17  7  0
 8  1      0 429696 238804 6024296    0    0     0 21972 19446 67276 34 43 16  7  0
 9  0      0 416256 238804 6039284    0    0     0 28456 18630 65783 34 42 16  7  0
 8  2      0 403336 238804 6046888    0    0     0 21208 19873 64769 38 39 18  6  0
11  2      0 394148 238804 6054228    0    0     0 22360 20495 67871 34 42 18  6  0
procs -----------memory---------- ---swap-- -----io---- -system-- ------cpu-----
 r  b   swpd   free   buff  cache   si   so    bi    bo   in   cs us sy id wa st
15  1      0 386352 238804 6062748    0    0     0 21384 20267 67156 37 41 17  6  0
 4  1      0 372852 238808 6075244    0    0     0 26828 20512 64146 33 44 17  6  0
 5  1      0 361940 238808 6084696    0    0     0 23116 19025 66201 35 44 15  6  0
19  1      0 358264 238808 6090852    0    0     0 18160 17316 57270 34 42 18  7  0
 7  2      0 347552 238808 6098016    0    0     0 69760 18651 64372 33 43 16  7  0
 4  2      0 339352 238808 6104560    0    0     0 22520 16914 60737 33 40 20  7  0
14  2      0 325588 238808 6114892    0    0     0 33492 18702 72588 34 43 16  6  0
10  3      0 322616 238808 6122532    0    0     0 19988 18143 66555 36 42 16  7  0
19  1      0 314040 238808 6130724    0    0     0 21748 18677 64427 35 41 17  7  0
13  0      0 299768 238808 6144216    0    0     0 36800 17876 60319 33 45 16  6  0
10  1      0 289312 238808 6154788    0    0     0 22088 19049 77204 34 41 18  7  0
12  0      0 278616 238808 6164792    0    0     0 22220 19193 72476 37 41 16  6  0
 7  1      0 271912 238808 6173832    0    0     0 22044 18181 68720 36 43 16  6  0
 5  2      0 289552 238808 6149096    0    0     0 47936 18720 62384 32 42 19  7  0
 6  0      0 286448 238808 6156748    0    0     0 27064 19010 69291 36 41 17  6  0
10  2      0 278088 238812 6169044    0    0     0 66428 17061 58680 34 43 18  6  0
17  1      0 266320 238812 6176232    0    0     0 29808 18589 64092 33 45 16  6  0
 7  1      0 259384 238812 6185328    0    0     0 21432 18728 62051 34 43 17  6  0
10  1      0 254148 238812 6193640    0    0     0 20912 18542 62820 34 42 17  6  0
11  1      0 243104 238812 6201084    0    0     4 19520 20071 63239 34 40 19  7  0
19  1      0 233956 238812 6209748    0    0     0 20784 19999 64687 34 42 17  6  0
procs -----------memory---------- ---swap-- -----io---- -system-- ------cpu-----
 r  b   swpd   free   buff  cache   si   so    bi    bo   in   cs us sy id wa st
10  1      0 218908 238812 6226924    0    0     0 29196 20090 66971 34 42 18  6  0
15  0      0 203908 238812 6238492    0    0     4 23756 18564 65807 32 44 17  6  0
10  2      0 192448 238812 6246412    0    0     0 19472 18855 64404 31 45 18  6  0
18  1      0 181724 238812 6260232    0    0     4 31340 19211 66565 36 40 18  6  0
 9  1      0 171352 238812 6269268    0    0     0 21804 19071 67600 34 45 15  6  0
 7  1      0 164412 238812 6278796    0    0     0 21868 18862 67988 38 41 15  5  0
 8  0      0 156720 238812 6286856    0    0     0 30884 18885 66410 33 44 17  7  0
 9  1      0 144092 238812 6293720    0    0     0 19412 19268 67786 35 40 19  6  0
 7  0      0 135232 238812 6304448    0    0     0 23756 18094 60409 33 45 16  6  0
 8  0      0 126036 238812 6311180    0    0     0 27660 18980 63805 34 44 16  5  0
16  1      0 122420 238812 6318280    0    0     0 23772 18716 66088 36 40 17  6  0
11  0      0 116120 238812 6325092    0    0     0 18544 17961 60848 32 42 19  7  0
13  1      0 107564 238812 6336140    0    0     0 23820 18315 63939 33 43 18  6  0
 8  2      0  92712 238812 6342916    0    0     0 19548 18432 65388 34 41 19  7  0
11  0      0  96032 238812 6350080    0    0     0 21584 19151 65070 36 42 15  7  0
10  1      0  90880 238780 6349612    0    0   140 21228 19101 68217 40 39 16  5  0
17  0      0  91772 238788 6341056    0    0    36 61360 18048 68131 34 43 17  6  0
18  1      0  89660 238788 6338860    0    0     0 20388 19070 66173 38 42 16  5  0
 8  3      0  97700 238788 6343248    0    0     0 26596 19002 71656 36 42 17  5  0
16  1      0 103148 238788 6340640    0    0  1804 115012 18646 63580 35 41 16  8  0
14  0      0 108668 238788 6340860    0    0   584 25036 19125 69451 33 43 18  7  0
procs -----------memory---------- ---swap-- -----io---- -system-- ------cpu-----
 r  b   swpd   free   buff  cache   si   so    bi    bo   in   cs us sy id wa st
11  2      0  99208 238788 6348364    0    0     0 19156 17775 64314 39 39 16  7  0
11  3      0 101172 238792 6346836    0    0     0 46568 18125 66744 34 42 18  6  0
 9  1      0  98188 238792 6347372    0    0     0 25916 19217 66617 34 43 16  7  0
12  0      0  99472 238792 6347224    0    0     0 19916 18749 66229 35 41 17  7  0
 8  1      0  98948 238792 6346424    0    0     0 19792 19021 70161 35 42 17  6  0
15  0      0 101408 238792 6346396    0    0   128 20068 19257 70793 35 42 17  6  0
18  0      0  95832 238792 6348688    0    0   474 47116 17410 56876 31 45 17  7  0
 0  0      0 101380 238792 6353996    0    0     0 19660 15619 51907 24 29 41  6  0
 0  0      0  93624 238792 6354884    0    0  1280  4204 3123 5492  3  4 92  1  0
