procs -----------memory---------- ---swap-- -----io---- -system-- ------cpu-----
 r  b   swpd   free   buff  cache   si   so    bi    bo   in   cs us sy id wa st
 2  0      0 3536232  21096 296292    0    0    12     3  317  375  6  2 92  0  0
 0  0      0 3506552  21096 296376    0    0     0     0 1278 1711  1  1 98  0  0
 0  0      0 3507056  21096 296376    0    0     0     0   76   43  0  0 100  0  0
 0  0      0 3506292  21096 296376    0    0     0     0  129  273  0  0 99  0  0
 0  0      0 3508604  21096 296376    0    0     0     0   80   54  0  0 100  0  0
 0  0      0 3506448  21108 296376    0    0     0   972  618  902  0  1 88 11  0
 0  0      0 3504264  21108 296376    0    0     0     8 1285 1497  0  0 100  0  0
 0  0      0 3502000  21108 296376    0    0     0     0  168  285  0  0 100  0  0
 0  0      0 3501812  21108 296376    0    0     0     0 1122 1333  0  1 99  0  0
 0  0      0 3501980  21108 296376    0    0     0     0  166  282  0  1 99  0  0
 2  0      0 3502096  21108 296376    0    0     0     0  137  176  0  0 100  0  0
 1  0      0 3470892  21116 296368    0    0     0    52 9195 11456 20  6 73  0  0
 1  0      0 3455308  21116 296380    0    0     0     0 11958 14181 31 10 59  0  0
 4  0      0 3445348  21116 296384    0    0     0     0 12035 14405 32 10 58  0  0
 1  0      0 3440728  21116 296388    0    0     0     0 11470 13411 32 10 58  0  0
 4  0      0 3435512  21116 296312    0    0     0     0 11981 14536 33 10 57  0  0
 1  0      0 3430736  21124 296332    0    0     0    76 11624 14091 33  8 58  0  0
 2  0      0 3428880  21124 296368    0    0     0     4 12400 15073 33 10 56  0  0
 1  0      0 3423856  21124 296420    0    0     0     0 12223 14959 33  9 57  0  0
 1  0      0 3422880  21124 296436    0    0     0     0 11732 14801 33 10 58  0  0
 2  0      0 3419804  21124 296456    0    0     0     0 12447 15266 32  9 59  0  0
procs -----------memory---------- ---swap-- -----io---- -system-- ------cpu-----
 r  b   swpd   free   buff  cache   si   so    bi    bo   in   cs us sy id wa st
 1  0      0 3418088  21132 296464    0    0     0    44 12141 14738 33 10 57  0  0
 1  0      0 3414800  21132 296468    0    0     0     0 13211 15723 33  9 59  0  0
 1  0      0 3413192  21132 296472    0    0     0     4 11285 13393 30 10 60  0  0
 4  0      0 3411432  21132 296476    0    0     0     0 11548 13674 33  8 59  0  0
 1  0      0 3409636  21132 296496    0    0     0     0 13593 16691 33 10 57  0  0
 1  0      0 3406836  21140 296512    0    0     0    56 12749 15924 32 10 58  0  0
 4  0      0 3408384  21140 296512    0    0     0     0 12459 16091 30  8 62  0  0
 3  0      0 3406804  21140 296520    0    0     0     0 12306 14923 33  9 59  0  0
 2  0      0 3404656  21140 296524    0    0     0     4 12265 15178 32  9 59  0  0
 1  0      0 3404212  21140 296536    0    0     0     0 12942 15689 34  8 58  0  0
 1  0      0 3400852  21148 296536    0    0     0    20 12207 14887 35  9 56  0  0
 1  0      0 3399892  21148 296544    0    0     0    24 12555 15017 32 10 58  0  0
 1  0      0 3398736  21148 296548    0    0     0     0 12143 14786 33  9 58  0  0
 5  0      0 3396932  21148 296584    0    0     0     0 11798 14175 34  8 59  0  0
 2  0      0 3394592  21148 296592    0    0     0     4 12534 15422 33  9 58  0  0
 1  0      0 3394680  21156 296596    0    0     0    36 11482 13965 36  9 55  0  0
 2  0      0 3393208  21156 296600    0    0     0    16 11712 14238 34 10 56  0  0
 1  0      0 3392816  21156 296640    0    0     0     0 12341 14680 33  8 59  0  0
 2  0      0 3391388  21156 296644    0    0     0     0 8580 10167 31  9 60  0  0
 3  0      0 3390668  21156 296680    0    0     0     0 10699 12894 33  7 60  0  0
 4  0      0 3387504  21164 296676    0    0     0    24 11155 13851 35  8 57  0  0
procs -----------memory---------- ---swap-- -----io---- -system-- ------cpu-----
 r  b   swpd   free   buff  cache   si   so    bi    bo   in   cs us sy id wa st
 1  0      0 3386776  21164 296688    0    0     0    24 11882 14314 33  8 59  0  0
 1  0      0 3388944  21164 296688    0    0     0     0 12268 16290 28  8 64  0  0
 2  0      0 3387692  21164 296696    0    0     0     0 12625 14877 31  9 59  0  0
 4  0      0 3387912  21164 296696    0    0     0     0 13379 16230 33 10 58  0  0
 1  0      0 3386792  21164 296696    0    0     0     0 13532 16418 34  9 57  0  0
 1  0      0 3386668  21172 296696    0    0     0    28 12624 14936 35  7 59  0  0
 4  0      0 3386592  21172 296692    0    0     0     0 12696 15371 34  7 58  0  0
 1  0      0 3385652  21172 296712    0    0     0    16 12344 14882 34 11 55  0  0
 2  0      0 3384820  21172 296732    0    0     0     0 12589 15076 34  8 57  0  0
 3  0      0 3386612  21172 296768    0    0     0     0 12521 14943 33  8 59  0  0
 3  0      0 3384064  21180 296776    0    0     0    36 11978 14525 34  7 59  0  0
 4  0      0 3387064  21180 296748    0    0     0     4 11830 14520 34  9 57  0  0
 1  0      0 3383740  21180 296732    0    0     0    24 11645 14039 35 10 56  0  0
 1  0      0 3381908  21180 296748    0    0     0     0 12604 15393 34 11 55  0  0
 2  0      0 3381256  21180 296748    0    0     0     0 12738 15894 35  9 57  0  0
 3  0      0 3380764  21192 296752    0    0     0    28 12646 15405 33 10 58  0  0
 1  0      0 3381220  21192 296752    0    0     0     0 12422 14634 32  9 59  0  0
 1  0      0 3381252  21192 296756    0    0     0    24 13060 16301 26  9 65  0  0
 3  0      0 3380904  21192 296760    0    0     0     0 12961 15223 32  8 60  0  0
 1  0      0 3379900  21192 296732    0    0     0     0 12729 15039 33 11 56  0  0
 2  0      0 3381476  21200 296736    0    0     0    32 11910 14147 33  8 59  0  0
procs -----------memory---------- ---swap-- -----io---- -system-- ------cpu-----
 r  b   swpd   free   buff  cache   si   so    bi    bo   in   cs us sy id wa st
 2  0      0 3380416  21200 296720    0    0     0     0 11607 13723 35  7 57  0  0
 1  0      0 3379828  21200 296724    0    0     0     0 12248 14510 34  9 57  0  0
 1  0      0 3381444  21200 296760    0    0     0    24 12805 15104 33  9 58  0  0
 1  0      0 3381464  21200 296776    0    0     0     0 12067 14390 36  7 57  0  0
 2  0      0 3380832  21208 296780    0    0     0    20 12150 14920 34  9 57  0  0
 1  0      0 3380552  21208 296788    0    0     0     0 11655 13837 33  7 60  0  0
 3  0      0 3380572  21208 296796    0    0     0     0 12712 15442 33  9 58  0  0
 3  0      0 3380916  21208 296788    0    0     0    24 13387 16093 34  7 59  0  0
 1  0      0 3535668  21208 296644    0    0     0    12 10057 16302 19  7 75  0  0
