procs -----------memory---------- ---swap-- -----io---- -system-- ------cpu-----
 r  b   swpd   free   buff  cache   si   so    bi    bo   in   cs us sy id wa st
 1  0      0 861756 244800 5737304    0    0    27  1270 1086 1796 12  9 77  2  0
 0  1      0 992492 244800 5609308    0    0     0 19288 14670 28060  2  6 74 18  0
 0  1      0 992492 244800 5609600    0    0     0 17348 15929 30245  1  6 75 18  0
 0  1      0 990728 244800 5610164    0    0     0 19136 17116 33041  2  6 74 19  0
 0  1      0 1009396 244800 5622536    0    0     0 33444 15972 30514  2  6 73 19  0
 0  1      0 965548 244804 5645272    0    0     0 41980 14758 27338  7  8 61 24  0
 1  1      0 965100 244804 5645536    0    0     0  5624 13044 22863  5  5 68 22  0
 0  0      0 963840 244804 5645540    0    0     0  3968  827 1528  0  1 96  3  0
 0  1      0 963840 244804 5645540    0    0     0  6660 3146 5340  1  2 95  2  0
 0  0      0 963588 244804 5645760    0    0     0  8208 3006 5480  0  2 95  2  0
 4  0      0 963588 244804 5645764    0    0     0  2560  656 1111  0  0 99  1  0
13  0      0 958768 244804 5652616    0    0     0 24132 17833 55782 29 25 41  5  0
15  2      0 948744 244804 5659320    0    0     0 22028 18088 80708 43 41 13  4  0
21  0      0 944648 244804 5665992    0    0     0 20844 18217 83454 43 41 13  4  0
17  1      0 936568 244804 5674016    0    0     0 19976 17134 80863 44 38 13  4  0
19  1      0 921600 244804 5681636    0    0     0 20792 17009 82000 47 38 11  4  0
15  0      0 917468 244804 5687580    0    0     0 25140 15936 86681 44 39 12  4  0
17  1      0 906992 244804 5690220    0    0     0 16820 16381 93053 48 40  9  3  0
11  0      0 901212 244804 5701624    0    0     0 25584 16095 92653 48 38 10  5  0
14  3      0 891632 244804 5704792    0    0     0 38816 14794 99423 47 39 11  4  0
14  0      0 895212 244804 5707244    0    0     0 17140 17203 97727 46 40 10  3  0
procs -----------memory---------- ---swap-- -----io---- -system-- ------cpu-----
 r  b   swpd   free   buff  cache   si   so    bi    bo   in   cs us sy id wa st
13  1      0 883444 244804 5709904    0    0     0 18816 16901 85399 44 43  9  4  0
20  0      0 883732 244804 5717688    0    0     0 24428 16889 91483 47 39  8  5  0
11  0      0 873832 244804 5719988    0    0     0 16880 15963 85750 46 39 10  5  0
18  0      0 869628 244804 5722084    0    0     0 18060 16245 83587 44 41 10  5  0
 9  1      0 865676 244804 5724800    0    0     0 18540 16838 95511 46 42  9  3  0
 5  1      0 863076 244804 5726804    0    0     0 23424 18183 105138 43 37 14  6  0
16  1      0 864940 244804 5728036    0    0     0 10776 19793 120205 40 33 19  8  0
12  0      0 861568 244804 5730520    0    0     0 18048 16366 107506 48 41  8  3  0
14  1      0 857780 244804 5733592    0    0     0 17992 15628 98090 46 42  9  3  0
16  0      0 847592 244804 5742908    0    0     0 25940 16243 94509 45 42  8  4  0
15  0      0 840868 244804 5748232    0    0     0 22188 16323 89880 45 41 10  4  0
16  0      0 841916 244804 5751388    0    0     0 18764 16044 101832 48 41  8  3  0
11  0      0 834012 244804 5754376    0    0     0 18260 15206 87556 47 40  9  3  0
15  0      0 829048 244804 5757152    0    0     0 32540 15750 87569 45 40 10  4  0
17  0      0 863476 244804 5718512    0    0     0 27284 15667 109750 48 41  8  3  0
 9  0      0 863488 244804 5728232    0    0     0 25044 15524 87520 48 40  9  3  0
14  0      0 858068 244804 5735872    0    0     0 24516 16380 89189 50 38  8  4  0
17  0      0 850960 244804 5738748    0    0     0 19080 16333 87323 45 40 10  4  0
12  1      0 854240 244804 5741748    0    0     0 14544 12040 80023 49 36 10  5  0
16  1      0 847008 244804 5746308    0    0     0 17296 14402 95975 44 39 11  6  0
 8  0      0 834980 244804 5756788    0    0     0 36196 15176 102136 45 41 10  4  0
procs -----------memory---------- ---swap-- -----io---- -system-- ------cpu-----
 r  b   swpd   free   buff  cache   si   so    bi    bo   in   cs us sy id wa st
14  1      0 834136 244804 5760504    0    0     0 18596 16318 79175 46 38 11  5  0
18  1      0 832268 244804 5761052    0    0     0  5596 20311 126874 36 29 17 19  0
11  1      0 825632 244804 5764276    0    0     0 18612 16533 88215 46 42  9  3  0
19  0      0 821096 244804 5769848    0    0     0 18824 17081 99374 43 44 10  4  0
10  0      0 814400 244804 5776488    0    0     0 28284 16178 104967 50 38  9  4  0
15  0      0 811360 244804 5778820    0    0     0 17828 17312 85544 44 39 13  4  0
 9  4      0 810548 244804 5780888    0    0     0 18092 16027 96329 46 42  9  3  0
13  1      0 806500 244804 5782900    0    0     0 29968 16608 91915 45 40 11  3  0
 9  0      0 803516 244804 5788964    0    0     0 22028 16368 93475 47 39 11  4  0
14  0      0 793600 244804 5795832    0    0     0 22780 16959 85903 45 39 12  4  0
17  2      0 797640 244804 5798268    0    0     0 18244 16639 87623 46 38 12  4  0
16  2      0 789832 244804 5800160    0    0     0 16592 15935 87736 45 38 12  4  0
11  0      0 788556 244804 5802164    0    0     0 16932 15733 88775 43 41 11  4  0
13  1      0 782496 244804 5804388    0    0     0 17744 16277 97858 48 41  8  4  0
17  0      0 778916 244804 5811008    0    0     0 21552 15573 115992 49 39  8  4  0
13  1      0 770048 244804 5813292    0    0     0 21504 15870 90083 48 39  9  4  0
12  0      0 763828 244804 5819524    0    0     0 23036 16638 80043 44 39 12  5  0
16  1      0 762488 244804 5822960    0    0     0  5228 19178 120172 36 31 25  9  0
11  0      0 759176 244804 5826052    0    0     0 21468 17193 96523 46 41  9  3  0
12  1      0 752540 244804 5829016    0    0     0 19924 16870 84288 43 41 11  5  0
11  0      0 755104 244804 5831992    0    0     0 27448 15960 93393 48 39  9  4  0
procs -----------memory---------- ---swap-- -----io---- -system-- ------cpu-----
 r  b   swpd   free   buff  cache   si   so    bi    bo   in   cs us sy id wa st
22  0      0 749528 244804 5835120    0    0     0 18824 15569 82881 45 39 12  4  0
20  0      0 745952 244804 5840256    0    0     0 17912 16036 84799 48 37 11  4  0
24  0      0 737396 244804 5847408    0    0     0 24008 17484 98130 45 40 11  4  0
11  1      0 733852 244804 5849664    0    0     0 18028 16045 94291 48 39 10  4  0
12  1      0 729852 244804 5856528    0    0     0 29584 16245 92465 46 40 10  5  0
15  0      0 726116 244804 5858936    0    0     0 18376 16441 80204 41 41 13  5  0
12  1      0 720548 244804 5862092    0    0     0 29340 15540 96071 47 41  9  3  0
20  0      0 710340 244804 5870412    0    0     0 24192 16509 90574 47 40 11  3  0
 0  0      0 710368 244804 5871728    0    0     0 10832 7053 34417 16 13 68  3  0
