procs -----------memory---------- ---swap-- -----io---- -system-- ------cpu-----
 r  b   swpd   free   buff  cache   si   so    bi    bo   in   cs us sy id wa st
 1  0      0 3530880  23696 297656    0    0     8     4  497  604  7  2 91  0  0
 0  0      0 3506272  23696 297644    0    0     0     0  885 1484  1  1 98  0  0
 0  0      0 3498276  23696 297640    0    0     0     0 1835 2394  1  1 99  0  0
 0  0      0 3498836  23704 297640    0    0     0    52   68   67  0  0 100  0  0
 0  0      0 3497548  23704 297640    0    0     0     0 1075 1475  0  0 100  0  0
 0  0      0 3497640  23704 297640    0    0     0  1004   90   88  0  0 100  0  0
 0  0      0 3495876  23704 297640    0    0     0     8 1242 1566  0  1 99  0  0
 3  0      0 3455828  23704 297644    0    0     0     0 10582 12842 30 10 61  0  0
 3  0      0 3442572  23712 297640    0    0     0    60 10485 12104 32 11 57  0  0
 4  0      0 3434204  23712 297656    0    0     0     0 12453 14328 36  9 55  0  0
 4  0      0 3428300  23712 297608    0    0     0     0 13894 16559 36 11 53  0  0
 2  0      0 3419992  23712 297648    0    0     0     4 12736 15184 35 10 55  0  0
 3  0      0 3414420  23712 297684    0    0     0    32 13132 15590 36 11 54  0  0
 1  0      0 3409768  23720 297728    0    0     0    20 12676 15215 37 11 53  0  0
 4  0      0 3404716  23720 297808    0    0     0     0 12423 14540 35 10 55  0  0
 1  0      0 3402976  23720 297808    0    0     0     0 14605 17451 37 10 53  0  0
 2  0      0 3398248  23720 297820    0    0     0     0 12948 15744 37 10 53  0  0
 3  0      0 3396988  23720 297876    0    0     0    40 12820 15159 37  9 54  0  0
 2  0      0 3392164  23720 297896    0    0     0     0 14086 17272 35 11 54  0  0
 1  0      0 3387892  23728 297916    0    0     0    20 13790 16709 39 11 51  0  0
 4  0      0 3385228  23728 297936    0    0     0     0 13141 14867 37 11 52  0  0
procs -----------memory---------- ---swap-- -----io---- -system-- ------cpu-----
 r  b   swpd   free   buff  cache   si   so    bi    bo   in   cs us sy id wa st
 1  0      0 3383396  23736 297944    0    0     0    28 13381 15863 36 11 53  0  0
 3  0      0 3381156  23736 297992    0    0     0    36 13059 15411 38 10 53  0  0
 1  0      0 3378260  23736 298016    0    0     0     4 11845 14071 38  9 54  0  0
 1  0      0 3371488  23736 298040    0    0     0     0 12582 14935 37  9 53  0  0
 4  0      0 3371096  23736 298056    0    0     0     0 13404 16372 38  9 53  0  0
 2  0      0 3369568  23744 298092    0    0     0    20 13567 16159 37  9 54  0  0
 1  0      0 3367520  23744 298116    0    0     0    40 14174 16890 37 11 52  0  0
 2  0      0 3364708  23744 298144    0    0     0     0 13150 15973 37 10 53  0  0
 2  0      0 3359184  23744 298156    0    0     0     4 14349 16968 38 11 51  0  0
 1  0      0 3358788  23744 298188    0    0     0     0 13792 16695 38 11 51  0  0
 2  0      0 3359048  23756 298192    0    0     0    28 12190 14595 38  9 53  0  0
 3  0      0 3357036  23756 298212    0    0     0    28 10181 12165 35  9 57  0  0
 1  0      0 3357180  23756 298220    0    0     0     0 9420 11074 35 10 55  0  0
 4  0      0 3356556  23756 298224    0    0     0     0 12455 15109 37 11 52  0  0
 1  0      0 3353188  23756 298228    0    0     0     4 13727 16735 37  9 54  0  0
 2  0      0 3353660  23768 298224    0    0     0    28 13442 16411 36 10 54  0  0
 1  0      0 3352380  23768 298244    0    0     0    28 14863 17629 37 11 52  0  0
 3  0      0 3352748  23768 298256    0    0     0     0 14028 17076 37 10 53  0  0
 1  0      0 3352548  23768 298260    0    0     0    20 13599 16237 34 11 55  0  0
 2  0      0 3351940  23768 298260    0    0     0     0 14191 17272 38 10 52  0  0
 1  0      0 3352076  23780 298252    0    0     0    32 12942 15371 37  9 53  0  0
procs -----------memory---------- ---swap-- -----io---- -system-- ------cpu-----
 r  b   swpd   free   buff  cache   si   so    bi    bo   in   cs us sy id wa st
 2  0      0 3353108  23780 298268    0    0     0    32 14432 17726 39  9 52  0  0
 3  0      0 3353356  23780 298272    0    0     0     0 12801 15124 37 10 53  0  0
 2  0      0 3351540  23780 298276    0    0     0     0 12979 15647 38 10 52  0  0
 2  0      0 3353028  23780 298280    0    0     0     0 13083 15616 37 10 53  0  0
 4  0      0 3351244  23792 298280    0    0     0    28 13359 15983 35 11 54  0  0
 3  0      0 3351920  23792 298280    0    0     0    36 15912 19563 36 10 54  0  0
 3  0      0 3352200  23792 298288    0    0     0     0 14183 16938 40  9 51  0  0
 1  0      0 3352068  23792 298296    0    0     0     0 14334 17332 35 11 53  0  0
 1  0      0 3352408  23792 298304    0    0     0     0 14581 17621 40 10 50  0  0
 1  0      0 3353728  23804 298308    0    0     0    32 14997 17661 35 11 54  0  0
 4  0      0 3353168  23804 298328    0    0     0     0 14123 17029 38 10 52  0  0
 3  0      0 3351536  23804 298320    0    0     0    48 13047 15465 38 11 50  0  0
 2  0      0 3350032  23804 298324    0    0     0     0 12902 15582 37 10 53  0  0
 1  0      0 3350276  23804 298336    0    0     0     0 12849 15489 37  9 54  0  0
 3  0      0 3349828  23816 298336    0    0     0    28 13445 16188 38 11 51  0  0
 2  0      0 3350080  23816 298376    0    0     0     0 13516 16108 38 10 52  0  0
 2  0      0 3349948  23816 298384    0    0     0    40 12461 14795 36  9 55  0  0
 1  0      0 3350476  23816 298384    0    0     0     4 12994 15973 38 11 50  0  0
 2  0      0 3349852  23816 298400    0    0     0     0 14377 17540 38 10 52  0  0
 1  0      0 3349812  23828 298400    0    0     0    28 15315 18180 36 12 52  0  0
 3  0      0 3350824  23828 298420    0    0     0     0 15215 18317 37 11 52  0  0
procs -----------memory---------- ---swap-- -----io---- -system-- ------cpu-----
 r  b   swpd   free   buff  cache   si   so    bi    bo   in   cs us sy id wa st
 3  0      0 3350192  23828 298436    0    0     0    44 13319 15949 37 10 53  0  0
 3  0      0 3349900  23828 298444    0    0     0     0 13721 16242 36  9 55  0  0
 1  0      0 3348744  23828 298452    0    0     0     4 13224 15315 38  9 53  0  0
 2  0      0 3349424  23840 298424    0    0     0    28 13803 16754 34 11 55  0  0
 1  0      0 3523952  23856 298112    0    0     0    68 30485 77753 42 11 47  0  0
