procs -----------memory---------- ---swap-- -----io---- -system-- ------cpu-----
 r  b   swpd   free   buff  cache   si   so    bi    bo   in   cs us sy id wa st
 1  0      0 427172 238912 6528944    0    0    22  1503 1197  267 12 10 76  2  0
 0  1      0 550008 238916 6410288    0    0     0 39904 20776 38967  5  6 78 11  0
 1  0      0 490480 238916 6422096    0    0     0 25444 19738 36482  9  6 81  4  0
 1  0      0 490348 238916 6422096    0    0     0  4060  727 1312  0  1 98  1  0
 1  0      0 491052 238916 6422204    0    0     0  3888 4197 7339  1  2 95  1  0
 1  0      0 491104 238916 6422216    0    0     0  9136 1156 2148  0  1 97  2  0
 2  0      0 491492 238916 6422216    0    0     0  2456 1898 3252  1  2 97  1  0
14  0      0 483944 238916 6430812    0    0     0 15088 18495 70844 43 26 30  1  0
13  0      0 474288 238916 6434664    0    0     0  7772 16571 90021 49 30 20  1  0
13  0      0 505764 238916 6397124    0    0     0 26868 18869 75318 50 32 17  1  0
15  0      0 488024 238916 6405188    0    0     0 16064 18126 84731 53 33 14  1  0
11  0      0 488440 238916 6408824    0    0     0  9152 18717 90213 52 33 15  1  0
22  0      0 480488 238916 6419200    0    0     0 17624 18264 93473 54 32 13  0  0
19  0      0 474792 238916 6421596    0    0     0  8252 17575 99260 55 33 11  1  0
15  0      0 466672 238916 6428232    0    0     0 11508 19245 104345 50 35 14  1  0
18  0      0 466224 238916 6430432    0    0     0  9748 18322 110209 53 38  9  1  0
19  0      0 465112 238916 6432620    0    0     0  9540 19021 102552 53 35 12  1  0
20  0      0 450776 238916 6438068    0    0     0 12740 22032 85393 50 34 16  1  0
22  0      0 445172 238916 6440000    0    0     0  8472 19285 120381 55 33 12  0  0
16  0      0 442488 238916 6445596    0    0     0 12624 18883 115584 55 36  8  1  0
17  0      0 439408 238916 6449376    0    0     0 23344 22782 84042 46 36 16  1  0
procs -----------memory---------- ---swap-- -----io---- -system-- ------cpu-----
 r  b   swpd   free   buff  cache   si   so    bi    bo   in   cs us sy id wa st
20  0      0 437016 238916 6451068    0    0     0  8480 19948 106097 49 37 13  1  0
21  0      0 423504 238916 6457872    0    0     0 19072 19589 96186 50 36 13  1  0
 9  1      0 417888 238916 6466808    0    0     0 14652 20333 86344 51 33 15  1  0
16  1      0 411088 238916 6473908    0    0     0 14584 17855 96727 55 34 11  1  0
 9  1      0 403956 238916 6475648    0    0     0  9604 17610 106791 55 35 10  1  0
18  0      0 393316 238916 6484304    0    0     0 15692 19634 108400 52 34 13  1  0
15  1      0 392344 238916 6489924    0    0     0 25488 21491 97951 51 36 12  1  0
15  1      0 390096 238916 6491608    0    0     0  8864 21248 96699 53 34 12  1  0
22  0      0 390412 238916 6493264    0    0     0  9592 18792 105967 52 36 11  1  0
 9  0      0 378788 238916 6499272    0    0     0 26088 18248 104299 53 35 11  1  0
17  0      0 375176 238916 6503684    0    0     0  6656 19155 100830 57 34  9  0  0
13  1      0 369540 238916 6508192    0    0     0  8788 16623 80683 53 33 14  1  0
16  1      0 363616 238916 6515108    0    0     0 12924 13275 70992 51 35 13  1  0
14  1      0 359304 238916 6522460    0    0     0 10540 18034 88803 50 36 13  1  0
17  1      0 350944 238916 6526844    0    0     0 10448 17961 113980 56 32 10  1  0
15  1      0 348628 238916 6529652    0    0     0  7072 19865 102436 54 33 13  0  0
 8  1      0 342252 238916 6531636    0    0     0 31808 18217 110246 52 35 12  1  0
17  1      0 338708 238916 6533716    0    0     0  7420 17790 121454 55 35 10  1  0
15  1      0 333724 238916 6539132    0    0     0 15056 17664 115207 54 34 12  1  0
12  1      0 322168 238916 6544820    0    0     0 12732 17969 120205 54 36  9  1  0
13  1      0 324456 238916 6546396    0    0     0 10064 19958 134861 47 36 15  1  0
procs -----------memory---------- ---swap-- -----io---- -system-- ------cpu-----
 r  b   swpd   free   buff  cache   si   so    bi    bo   in   cs us sy id wa st
14  2      0 317760 238916 6551828    0    0     0 20288 17962 114425 57 33  9  1  0
11  1      0 317636 238916 6553196    0    0     0  9932 18644 101323 53 32 14  1  0
11  1      0 311524 238916 6554644    0    0     0  8496 18748 107127 53 35 11  1  0
16  0      0 306356 238916 6561232    0    0     0 16320 18487 91128 50 33 15  2  0
 9  1      0 302656 238916 6563108    0    0     0 23452 18480 104316 50 34 14  1  0
12  1      0 299900 238916 6569140    0    0     0 14404 19752 121247 58 33  9  0  0
 9  1      0 292232 238916 6570304    0    0     0  8116 21706 99102 51 36 13  1  0
16  2      0 296980 238916 6571812    0    0     0 10376 18350 110598 54 34 11  1  0
13  1      0 289148 238916 6577372    0    0     0 14108 22034 100004 51 34 14  1  0
14  0      0 287784 238916 6580092    0    0     0 17432 20741 104315 54 33 13  0  0
12  0      0 278916 238916 6582692    0    0     0 10944 20009 106038 49 36 14  1  0
19  1      0 269416 238916 6595392    0    0     0 22140 18428 105431 54 35 10  1  0
24  1      0 265220 238916 6597052    0    0     0  8428 16788 114991 52 37 10  0  0
16  0      0 264840 238916 6598416    0    0     0  7788 18462 124080 51 34 14  1  0
11  1      0 268384 238916 6599808    0    0     0  9856 19432 102056 55 33 12  1  0
18  2      0 258200 238916 6605748    0    0     0 13104 18498 95440 57 30 12  1  0
 7  1      0 252600 238916 6611488    0    0     0 22244 21357 84792 47 33 18  1  0
 8  3      0 251136 238916 6612992    0    0     0  9108 17924 106652 53 35 11  1  0
10  1      0 249088 238916 6614720    0    0     0 11160 18377 137709 55 35 10  1  0
15  0      0 247660 238916 6616548    0    0     0  9764 20148 110294 53 35 11  1  0
 8  0      0 242104 238916 6624372    0    0     0 13324 20088 112796 53 35 11  1  0
procs -----------memory---------- ---swap-- -----io---- -system-- ------cpu-----
 r  b   swpd   free   buff  cache   si   so    bi    bo   in   cs us sy id wa st
15  1      0 233948 238916 6633200    0    0     0 12624 18074 106705 55 33 11  1  0
12  1      0 225560 238916 6637276    0    0     0  8848 20195 100366 45 38 16  1  0
19  0      0 226080 238916 6641576    0    0     0 12060 18653 97984 47 39 13  1  0
14  0      0 220364 238920 6645236    0    0     4 51896 19875 91735 50 33 15  1  0
 1  0      0 221700 238920 6645444    0    0     0  6448 3982 12365  6  6 86  1  0
 3  0      0 222348 238920 6645176    0    0     0  5720 2375 4401  2  3 95  1  0
