procs -----------memory---------- ---swap-- -----io---- -system-- ------cpu-----
 r  b   swpd   free   buff  cache   si   so    bi    bo   in   cs us sy id wa st
 5  0      0 3057872  37736 705216    0    0     4    15  183  228  2  1 97  0  0
 7  0      0 3034248  37736 705216    0    0     0    24  772 1152  1  1 99  0  0
 0  0      0 3030636  37736 705168    0    0     0     0 1806 2364  0  2 98  0  0
 1  0      0 3030636  37736 705168    0    0     0     0   52   53  0  0 100  0  0
 0  0      0 3025864  37736 705168    0    0     0     0 1196 1590  0  1 99  0  0
 0  0      0 3026912  37736 705168    0    0     0     0  136  260  0  1 100  0  0
 3  0      0 3007880  37744 705160    0    0     0    56 2166 3241  1  1 98  0  0
 4  0      0 2973824  37744 705172    0    0     0     4 12979 14630 34 11 56  0  0
 2  0      0 2966016  37744 705180    0    0     0     0 14233 15749 39 11 50  0  0
 1  0      0 2955728  37744 705192    0    0     0     0 12628 14414 37 11 52  0  0
 4  0      0 2945600  37744 705232    0    0     0     0 11240 12396 40  9 51  0  0
 4  0      0 2935856  37752 705336    0    0     0    96 12443 13980 41 11 49  0  0
 4  0      0 2924972  37752 705424    0    0     0     0 13210 14823 38 12 50  0  0
 4  0      0 2920124  37752 705484    0    0     0     4 13526 15457 39 12 49  0  0
 1  0      0 2911192  37752 705540    0    0     0     0 12932 14970 42 10 48  0  0
 3  0      0 2905660  37752 705592    0    0     0     0 12527 14110 39 11 50  0  0
 2  0      0 2905716  37760 705620    0    0     0    28 13143 15035 41  9 50  0  0
 4  0      0 2898976  37760 705656    0    0     0    52 12735 14556 42 11 47  0  0
 3  0      0 2894980  37760 705696    0    0     0     0 13525 15129 41 10 49  0  0
 2  0      0 2890704  37760 705740    0    0     0     4 13494 15260 39 11 50  0  0
 2  0      0 2885608  37760 705764    0    0     0     0 13797 14888 42 10 48  0  0
procs -----------memory---------- ---swap-- -----io---- -system-- ------cpu-----
 r  b   swpd   free   buff  cache   si   so    bi    bo   in   cs us sy id wa st
 1  0      0 2877800  37768 705804    0    0     0    20 12772 14511 40 11 48  0  0
 1  0      0 2876276  37768 705828    0    0     0    48 12997 14299 41  9 50  0  0
 3  0      0 2870992  37768 705888    0    0     0     0 12146 13886 39 11 50  0  0
 3  0      0 2868876  37768 705924    0    0     0     0 12223 13670 39 11 50  0  0
 4  0      0 2868248  37768 705928    0    0     0     4 12357 14079 41 10 49  0  0
 4  0      0 2861636  37780 705972    0    0     0    40 13413 14555 38 11 50  0  0
 4  0      0 2853496  37780 705996    0    0     0    44 13221 14911 42 11 47  0  0
 2  0      0 2852148  37780 706020    0    0     0     0 12745 14451 39 11 50  0  0
 2  0      0 2849580  37780 706072    0    0     0     0 12930 14576 42  9 49  0  0
 4  0      0 2845952  37780 706160    0    0     0     0 13802 15157 42  9 48  0  0
 2  0      0 2840104  37788 706176    0    0     0  1028 14150 15590 42 12 46  0  0
 1  0      0 2840032  37788 706228    0    0     0   100 13518 15444 42  9 49  0  0
 2  0      0 2837644  37788 706280    0    0     0     0 13346 15308 41 12 46  0  0
 4  0      0 2836040  37788 706352    0    0     0     0 12588 14208 41 10 49  0  0
 2  0      0 2833212  37788 706420    0    0     0     0 13006 14628 41 12 47  0  0
 4  0      0 2831132  37800 706536    0    0     0    88 13285 15088 38 10 52  0  0
 4  0      0 2824972  37800 706588    0    0     0   200 12770 14244 42 11 47  0  0
 2  0      0 2824872  37800 706624    0    0     0     0 13344 15100 40 10 50  0  0
 4  0      0 2823800  37800 706716    0    0     0     0 12606 14697 40  9 51  0  0
 2  0      0 2822248  37800 706772    0    0     0     0 14378 16000 42 11 46  0  0
 2  0      0 2823804  37808 706816    0    0     0    20 12727 14215 40 12 48  0  0
procs -----------memory---------- ---swap-- -----io---- -system-- ------cpu-----
 r  b   swpd   free   buff  cache   si   so    bi    bo   in   cs us sy id wa st
 1  0      0 2820324  37808 706880    0    0     0   188 13624 14868 43 10 47  0  0
 2  0      0 2819092  37808 706948    0    0     0     4 14048 15104 40 13 47  0  0
 4  0      0 2814912  37808 706988    0    0     0     0 12891 14156 44 10 46  0  0
 1  0      0 2813788  37808 707080    0    0     0     0 13761 15389 41 12 47  0  0
 2  0      0 2813992  37820 707132    0    0     0    40 12603 13851 43 10 47  0  0
 2  0      0 2813048  37820 707204    0    0     0   188 13090 14783 44  9 47  0  0
 3  0      0 2807436  37820 707252    0    0     0     0 13686 14942 42 12 46  0  0
 3  0      0 2804676  37820 707348    0    0     0     8 12655 14664 42 11 48  0  0
 4  0      0 2804004  37820 707384    0    0     0     0 13468 15283 39 11 50  0  0
 2  0      0 2804532  37828 707476    0    0     0    24 13623 15504 43 11 46  0  0
 4  0      0 2800620  37828 707532    0    0     0   192 13996 14988 40 11 49  0  0
 2  0      0 2801052  37828 707572    0    0     0     0 13220 15120 41  9 50  0  0
 2  0      0 2800784  37828 707644    0    0     0     0 12598 14513 41 11 48  0  0
 1  0      0 2798800  37828 707676    0    0     0     4 13516 14788 42 13 45  0  0
 4  0      0 2798168  37836 707720    0    0     0    32 13144 14513 39 11 50  0  0
 3  0      0 2794536  37836 707764    0    0     0     0 12509 14282 37 12 52  0  0
 1  0      0 2794248  37836 707816    0    0     0   172 12812 14354 42  9 49  0  0
 3  0      0 2794972  37836 707848    0    0     0     0 12467 14037 41 11 48  0  0
 3  0      0 2795108  37836 707900    0    0     0     0 13638 14919 42 12 46  0  0
 1  0      0 2795080  37848 707932    0    0     0    32 13283 14750 43 10 47  0  0
 1  0      0 2795036  37848 707956    0    0     0     0 13302 14489 44 11 46  0  0
procs -----------memory---------- ---swap-- -----io---- -system-- ------cpu-----
 r  b   swpd   free   buff  cache   si   so    bi    bo   in   cs us sy id wa st
 2  0      0 2794804  37848 707980    0    0     0   136 13311 14960 43 10 47  0  0
 1  0      0 2797060  37848 707992    0    0     0     0 12003 13259 42  9 50  0  0
 1  0      0 2800972  37848 708008    0    0     0     0 13877 15229 41 12 47  0  0
 4  0      0 2802392  37856 708008    0    0     0    32 14780 17523 42 12 47  0  0
 1  0      0 3053444  37856 707032    0    0     0     8 28367 57818 36 11 53  0  0
