procs -----------memory---------- ---swap-- -----io---- -system-- ------cpu-----
 r  b   swpd   free   buff  cache   si   so    bi    bo   in   cs us sy id wa st
 2  0      0 7121604  17956 384016    0    0  4728   313  614 1175  3  9 86  2  0
 1  0      0 7072976  21308 397732    0    0  3928 53520 21392 40327  6  7 76 11  0
 0  0      0 7050076  21780 406620    0    0  6472  9804 12580 22609  7  4 88  2  0
 2  0      0 7046048  21900 406816    0    0     0  2140  602 1070  0  1 97  1  0
 1  0      0 7046048  22356 407032    0    0     0  7364 3773 6485  1  2 95  2  0
 0  0      0 7045796  22516 407168    0    0     0  2288  703 1230  0  2 97  1  0
 0  0      0 7044576  22628 407436    0    0   256  2028 3919 6471  3  2 94  1  0
 5  0      0 7007360  23404 417328    0    0   280 17328 21588 47701 42 25 31  2  0
13  1      0 6986564  23716 426868    0    0     0 12140 22178 50635 46 29 25  1  0
 5  0      0 6971048  24052 433096    0    0     0  9564 19509 44967 45 28 26  1  0
 5  0      0 6963028  24316 437540    0    0     0  7052 17504 42407 43 30 27  1  0
 5  0      0 6937072  24716 448012    0    0     0 16480 20185 47121 44 30 25  1  0
 7  0      0 6935912  25068 452328    0    0     0  8404 21328 50345 44 30 26  1  0
 5  0      0 6908812  25460 461604    0    0    16 13308 21031 53541 43 32 25  1  0
 8  0      0 6900464  25988 469864    0    0   128 13856 20174 47628 45 30 24  1  0
12  0      0 6888436  26564 473552    0    0     0 10800 19284 45426 41 32 25  1  0
 7  0      0 6847044  27236 482864    0    0     0 16840 20796 48488 42 32 24  2  0
13  0      0 6827828  27860 493608    0    0     0 18436 20348 46508 44 31 24  1  0
 6  0      0 6808160  28504 504180    0    0   212 18020 20857 49274 45 30 23  2  0
11  1      0 6800824  29824 513516    0    0   144 26576 19127 44884 40 34 23  2  0
12  0      0 6781912  30536 525508    0    0     0 22376 21171 47614 41 32 25  2  0
procs -----------memory---------- ---swap-- -----io---- -system-- ------cpu-----
 r  b   swpd   free   buff  cache   si   so    bi    bo   in   cs us sy id wa st
13  0      0 6772660  31084 533772    0    0     0 22696 19590 45758 48 26 25  1  0
 4  0      0 6761204  31728 541900    0    0    16 17208 20320 46581 43 31 24  2  0
 6  0      0 6746080  32384 545980    0    0     0 12604 19082 45278 42 32 23  2  0
 4  0      0 6742944  33032 549932    0    0     0 12340 19194 45136 44 30 24  2  0
 5  0      0 6724636  33752 557616    0    0    16 17304 19458 46285 43 32 23  2  0
 4  0      0 6724000  34392 565868    0    0     0 17304 19791 45462 42 32 24  1  0
 8  0      0 6707792  35056 570924    0    0     4 14393 20102 47679 43 31 24  2  0
 7  0      0 6707772  35792 579504    0    0   512 17624 20327 49041 43 30 25  2  0
10  0      0 6687072  36464 584496    0    0   876 12828 20036 45456 43 32 23  1  0
12  0      0 6674772  37408 593492    0    0   736 21836 20641 47449 45 31 22  3  0
 3  0      0 6661780  38096 598180    0    0   568 13496 21135 48998 43 32 23  1  0
11  0      0 6654624  38824 614136    0    0  1356 25552 20198 46945 41 34 24  2  0
10  0      0 6639068  39516 624160    0    0   524 19292 20472 47365 43 30 26  1  0
 6  0      0 6630444  40060 628560    0    0   476 12116 18620 43887 41 33 24  2  0
12  0      0 6626160  40732 638136    0    0   516 19476 20747 49732 40 33 25  2  0
 8  0      0 6616004  41128 642760    0    0   312 24668 20410 48906 42 34 23  1  0
10  0      0 6607072  41572 647644    0    0   292 19596 19966 52181 42 31 25  2  0
 8  0      0 6601208  41972 648872    0    0   200 14688 19835 44708 44 30 25  1  0
 5  0      0 6599268  42432 653836    0    0   360 16844 19405 44503 40 33 25  2  0
 8  0      0 6587388  42948 660372    0    0    68 20200 21097 48015 46 29 24  1  0
10  0      0 6594128  43228 661032    0    0    24 13692 19736 45070 42 32 24  2  0
procs -----------memory---------- ---swap-- -----io---- -system-- ------cpu-----
 r  b   swpd   free   buff  cache   si   so    bi    bo   in   cs us sy id wa st
 3  0      0 6582692  43628 665952    0    0     0 18084 21480 48199 44 30 25  1  0
 8  0      0 6575312  44164 667168    0    0    12 14896 20272 46599 43 32 24  1  0
12  0      0 6573004  44664 668284    0    0     0 13860 19723 44241 44 31 24  2  0
 8  0      0 6570244  45076 674468    0    0     0 19544 20488 45383 41 32 25  2  0
14  0      0 6564116  45528 679424    0    0    92 18112 20087 46256 43 31 24  1  0
 7  0      0 6555236  45928 684436    0    0   104 20340 20467 47443 43 30 26  1  0
 6  0      0 6552224  46332 687324    0    0     0 15100 20730 47685 45 31 23  2  0
12  0      0 6544328  46808 692276    0    0    92 18156 19867 45873 40 34 25  2  0
10  0      0 6547328  47412 693592    0    0     0 16432 20622 47582 43 30 24  2  0
10  0      0 6542540  47920 698524    0    0     0 19272 19792 44370 42 32 24  2  0
 7  0      0 6540164  48400 699476    0    0    20 26032 20663 61158 41 34 24  2  0
10  0      0 6532556  48884 704516    0    0     0 19780 21261 47705 43 31 25  2  0
10  0      0 6529096  49416 705060    0    0     0 15240 18745 43538 42 31 25  2  0
 9  0      0 6525000  49900 709940    0    0    24 19476 19554 43001 43 32 24  2  0
15  0      0 6518500  50392 715124    0    0     0 18784 19124 42814 41 32 25  3  0
 9  0      0 6516748  50912 715920    0    0     0 14872 18948 43387 40 32 25  2  0
 7  0      0 6510452  51324 720804    0    0     0 17340 20301 45771 42 31 26  2  0
11  0      0 6510676  51744 725800    0    0     0 17944 18554 41481 40 33 26  2  0
 8  0      0 6506556  52164 726592    0    0     0 13728 19820 42785 45 29 25  1  0
 7  0      0 6497684  52572 731244    0    0     0 17712 20280 43264 43 28 27  2  0
 8  0      0 6498420  53020 732140    0    0     0 13516 19448 41809 46 27 25  2  0
procs -----------memory---------- ---swap-- -----io---- -system-- ------cpu-----
 r  b   swpd   free   buff  cache   si   so    bi    bo   in   cs us sy id wa st
 9  0      0 6492424  53404 736812    0    0     0 21096 18917 41014 41 33 24  2  0
17  0      0 6488520  53824 737816    0    0     4 12212 18718 40055 45 29 25  2  0
 6  0      0 6480292  54384 742192    0    0     0 18136 19931 43362 40 32 26  2  0
 2  0      0 6482452  54864 742820    0    0    28 13600 19821 43303 44 30 25  1  0
 1  0      0 6479476  55132 743520    0    0     0 18944 2417 3571  1  3 93  3  0
 1  0      0 6484684  55328 741852    0    0    80  7928 2672 4903  1  3 94  2  0
