procs -----------memory---------- ---swap-- -----io---- -system-- ------cpu-----
 r  b   swpd   free   buff  cache   si   so    bi    bo   in   cs us sy id wa st
 2  0      0 3534924  22380 297108    0    0    10     3  411  496  6  2 91  0  0
 0  0      0 3506040  22380 297024    0    0     0     0  914 1632  1  1 98  0  0
 0  0      0 3506040  22380 297024    0    0     0     0   29   30  0  0 100  0  0
 0  0      0 3505816  22380 297024    0    0     0  1004  202  337  0  0 100  0  0
 0  0      0 3505816  22380 297024    0    0     0     0   56   57  0  0 100  0  0
 0  0      0 3504704  22392 297024    0    0     0    80 1902 2406  0  1 98  0  0
 1  0      0 3504704  22392 297024    0    0     0     0   43   34  0  0 100  0  0
 0  0      0 3502480  22392 297024    0    0     0     0 1274 1611  1  0 99  0  0
 0  0      0 3499708  22392 297024    0    0     0     0  114  261  0  0 100  0  0
 0  0      0 3500468  22392 297024    0    0     0     0  117  156  0  0 100  0  0
 2  0      0 3463060  22400 297024    0    0     0    76 8654 10770 20  7 73  0  0
 1  0      0 3454872  22400 297028    0    0     0     0 11014 12609 31  9 60  0  0
 2  0      0 3442240  22400 297032    0    0     0     0 10700 12390 32  9 59  0  0
 1  0      0 3438784  22400 296924    0    0     0     0 11630 13169 29 10 62  0  0
 2  0      0 3433288  22400 296928    0    0     0     0 11656 13685 32 10 58  0  0
 3  0      0 3429080  22408 296928    0    0     0    48 12149 14013 33  8 58  0  0
 1  0      0 3422196  22408 296940    0    0     0     4 11806 13743 32 10 58  0  0
 1  0      0 3422128  22408 296944    0    0     0     0 11296 13385 33  8 59  0  0
 3  0      0 3414884  22408 296980    0    0     0     0 11486 13631 34  9 58  0  0
 1  0      0 3416320  22408 296984    0    0     0     0 12132 14345 32  9 59  0  0
 2  0      0 3408996  22416 296972    0    0     0    56 12390 14722 33  9 58  0  0
procs -----------memory---------- ---swap-- -----io---- -system-- ------cpu-----
 r  b   swpd   free   buff  cache   si   so    bi    bo   in   cs us sy id wa st
 2  0      0 3411208  22416 296972    0    0     0     0 10754 12619 33  9 58  0  0
10  0      0 3405288  22416 296976    0    0     0     4 11084 13509 33  8 59  0  0
 2  0      0 3406640  22416 297012    0    0     0     0 12180 14789 33 11 56  0  0
 1  0      0 3407680  22416 297028    0    0     0     0 11713 13817 31 10 59  0  0
 1  0      0 3404232  22424 297020    0    0     0    52 11300 13661 33  9 59  0  0
 3  0      0 3403400  22424 297036    0    0     0     0 12261 14488 33  9 58  0  0
 2  0      0 3403212  22424 297036    0    0     0     0 11788 14491 35  7 58  0  0
 1  0      0 3400556  22424 297076    0    0     0     4 11717 14308 32  9 59  0  0
 2  0      0 3398284  22424 297112    0    0     0     0 12990 16158 34 11 55  0  0
 4  0      0 3396660  22432 297112    0    0     0    40 12740 15710 34  8 58  0  0
 2  0      0 3393812  22432 297116    0    0     0     0 12641 15681 33  9 58  0  0
 1  0      0 3393652  22432 297152    0    0     0     0 12151 14597 32  9 59  0  0
 2  0      0 3392932  22432 297168    0    0     0     0 11713 14413 32  9 58  0  0
 2  0      0 3391128  22432 297192    0    0     0     4 13055 15688 35  9 56  0  0
 1  0      0 3387652  22440 297196    0    0     0    52 12624 14810 33  9 58  0  0
 1  0      0 3387400  22440 297228    0    0     0     0 11994 14370 33  8 59  0  0
 1  0      0 3387556  22440 297236    0    0     0     0 11381 14006 31  9 60  0  0
 3  0      0 3386220  22440 297236    0    0     0     0 11557 13252 31  8 61  0  0
 4  0      0 3382748  22440 297248    0    0     0     0 12103 14965 34  9 58  0  0
 2  0      0 3381472  22448 297244    0    0     0    32 13106 16105 33  9 57  0  0
 1  0      0 3378616  22448 297260    0    0     0    24 12469 15387 33  9 58  0  0
procs -----------memory---------- ---swap-- -----io---- -system-- ------cpu-----
 r  b   swpd   free   buff  cache   si   so    bi    bo   in   cs us sy id wa st
 3  0      0 3381100  22448 297260    0    0     0     0 11462 13997 34  9 58  0  0
 1  0      0 3376788  22448 297264    0    0     0     0 11723 14297 35  9 56  0  0
 3  0      0 3376444  22448 297272    0    0     0     0 11439 13596 32  8 61  0  0
 1  0      0 3373640  22448 297272    0    0     0     0 11685 14301 34  9 58  0  0
 4  0      0 3373960  22456 297280    0    0     0    64 12657 15430 32  9 59  0  0
 3  0      0 3372120  22456 297280    0    0     0     0 11779 14551 33 10 57  0  0
 2  0      0 3372964  22456 297284    0    0     0     0 12650 15084 34  9 57  0  0
 2  0      0 3373080  22456 297288    0    0     0     0 13049 15935 33  8 59  0  0
 2  0      0 3371888  22456 297292    0    0     0     0 13354 16313 32 10 58  0  0
 1  0      0 3372628  22464 297276    0    0     0    48 13234 15988 32  9 59  0  0
 3  0      0 3372876  22464 297280    0    0     0     4 12286 15157 33  8 59  0  0
 2  0      0 3372956  22464 297280    0    0     0     0 11597 14133 35  9 57  0  0
 2  0      0 3373108  22464 297288    0    0     0     0 12485 15321 33  9 59  0  0
 1  0      0 3372864  22464 297296    0    0     0     0 12591 15204 34  9 57  0  0
 1  0      0 3372908  22472 297296    0    0     0    60 12433 14741 34  9 57  0  0
 2  0      0 3372312  22472 297308    0    0     0     0 12336 15039 34  8 58  0  0
 3  0      0 3373060  22472 297312    0    0     0     4 12678 15261 33 10 57  0  0
 4  0      0 3372644  22472 297316    0    0     0     0 13047 15878 34  8 58  0  0
 1  0      0 3372680  22472 297304    0    0     0     0 13364 15632 31 10 59  0  0
 3  0      0 3373952  22480 297308    0    0     0    48 12972 15925 35  9 56  0  0
 2  0      0 3374672  22480 297312    0    0     0     0 11886 14433 32  9 59  0  0
procs -----------memory---------- ---swap-- -----io---- -system-- ------cpu-----
 r  b   swpd   free   buff  cache   si   so    bi    bo   in   cs us sy id wa st
 1  0      0 3375800  22480 297316    0    0     0     0 9566 11393 33  8 58  0  0
 2  0      0 3375360  22480 297320    0    0     0     4 11350 13575 33  8 59  0  0
 3  0      0 3374908  22480 297324    0    0     0     0 12063 14757 31  8 60  0  0
 2  0      0 3375552  22488 297324    0    0     0    60 11223 13295 32  8 59  0  0
 2  0      0 3375700  22488 297312    0    0     0     0 11477 13884 32  9 58  0  0
 1  0      0 3375512  22488 297328    0    0     0     0 11457 13476 33  8 60  0  0
 1  0      0 3376576  22488 297296    0    0     0     0 11951 14611 33  9 59  0  0
 0  0      0 3532092  22488 297108    0    0     0     8 23025 42222 29 11 60  0  0
