procs -----------memory---------- ---swap-- -----io---- -system-- ------cpu-----
 r  b   swpd   free   buff  cache   si   so    bi    bo   in   cs us sy id wa st
 2  0      0 220904 238012 6312348    0    0    24  1388 1136  880 12  9 76  2  0
 1  1      0 353620 238012 6179616    0    0     0 24508 15004 28538  2  6 73 18  0
 0  1      0 353620 238012 6180036    0    0     0 19952 17206 32949  1  5 75 19  0
 0  1      0 352136 238012 6180504    0    0     0 19548 17011 32672  2  6 74 19  0
 1  0      0 339532 238012 6193572    0    0     0 36624 16844 32286  2  5 73 19  0
 1  0      0 300192 238012 6216064    0    0     0 44372 22918 42158 11  8 67 13  0
 2  0      0 299184 238012 6216196    0    0     0  3640 3733 6738  1  1 96  1  0
 1  0      0 296160 238012 6216200    0    0     0  2656  709 1238  0  2 96  1  0
 2  0      0 296160 238012 6216496    0    0     0  8756 5482 9484  2  2 94  3  0
 1  0      0 296160 238012 6216496    0    0     0  1784  663 1099  0  1 98  1  0
 8  1      0 286892 238012 6223236    0    0     0 20164 13991 34232 15 13 67  5  0
15  0      0 274572 238012 6229704    0    0     0 19976 18045 66361 38 39 17  6  0
16  1      0 258532 238012 6237916    0    0     0 19588 16604 64252 39 38 16  7  0
10  1      0 251752 238012 6243216    0    0     0 19644 16902 71405 39 38 19  5  0
 6  1      0 235828 238016 6254628    0    0     0 27228 18394 71901 42 37 16  5  0
 8  1      0 229444 238016 6260952    0    0     0 34156 17605 69682 40 39 16  5  0
12  0      0 225348 238016 6264200    0    0     0 20408 18061 94124 42 39 14  5  0
10  0      0 212956 238016 6274848    0    0     0 26500 17184 71859 41 36 17  6  0
14  0      0 204084 238016 6277864    0    0     0 18672 16469 70243 43 36 15  5  0
16  0      0 206672 238016 6280980    0    0     0 19852 17224 76803 40 40 15  5  0
17  1      0 197804 238016 6284296    0    0     0 20236 17254 88397 42 44 10  4  0
procs -----------memory---------- ---swap-- -----io---- -system-- ------cpu-----
 r  b   swpd   free   buff  cache   si   so    bi    bo   in   cs us sy id wa st
11  3      0 193420 238016 6291484    0    0     0 24012 15977 76849 45 40 11  4  0
11  0      0 187840 238016 6297652    0    0     0 18516 14545 87161 45 41 11  4  0
15  0      0 186952 238016 6300160    0    0     0 20528 14944 84313 47 37 11  4  0
11  2      0 182516 238016 6302448    0    0     0 27872 17050 93572 44 41 11  4  0
16  1      0 176908 238016 6305600    0    0     0 16768 14712 81755 47 38 11  4  0
10  1      0 177640 238016 6307988    0    0     0 19176 17122 81741 41 40 13  6  0
15  0      0 166868 238016 6316676    0    0     0 23716 15052 94170 47 39  9  4  0
22  1      0 164780 238016 6318968    0    0     0 17656 15732 88691 46 37 11  5  0
15  1      0 162340 238016 6323984    0    0     0 21768 17049 100630 50 38  9  3  0
13  0      0 150740 238016 6328052    0    0     0 19308 15328 114706 52 36  9  4  0
10  1      0 145476 238016 6331028    0    0     0 26708 15704 98593 50 38  9  4  0
24  0      0 142544 238016 6339760    0    0     0 26324 17025 86459 47 38 11  4  0
17  1      0 133944 238016 6350548    0    0     0 27428 15421 87203 49 36 11  4  0
10  1      0 126396 238016 6355112    0    0     0 21796 17077 90961 48 39 10  4  0
12  2      0 116424 238016 6363380    0    0     0 25592 16537 85879 47 39 10  4  0
16  1      0 107484 238016 6368168    0    0     0 21952 16958 86530 46 38 12  4  0
19  0      0 102472 237968 6375628    0    0     0 27628 15435 89692 48 40  8  4  0
 7  1      0  99580 237844 6369420    0    0   164 49668 15606 84325 43 41 11  5  0
18  2      0 102196 237804 6369260    0    0    12 19584 16027 85027 47 39  9  6  0
17  1      0 108360 237720 6364252    0    0    12 19912 16546 92523 46 39 11  4  0
18  2      0 108472 237692 6362360    0    0    76 18820 16731 95366 43 41 12  4  0
procs -----------memory---------- ---swap-- -----io---- -system-- ------cpu-----
 r  b   swpd   free   buff  cache   si   so    bi    bo   in   cs us sy id wa st
14  0      0 109740 237660 6364252    0    0   288 44292 15608 90381 44 41 10  4  0
 9  1      0 103680 237640 6358072    0    0   108 18760 15397 90789 43 44  8  5  0
12  0      0 108028 237640 6360492    0    0     0 18728 16411 92010 46 36 13  5  0
 8  2      0 111168 237624 6358736    0    0     0 19772 14559 80251 44 39 13  5  0
11  0      0 111876 237624 6360608    0    0     0 18012 15563 103646 46 39 10  5  0
 8  0      0 115788 237616 6359328    0    0     0 23312 15283 91647 49 37  9  4  0
14  3      0 109236 237616 6361268    0    0     0 18168 16179 87587 46 37 13  4  0
13  0      0 111996 237616 6360272    0    0     0 19128 16240 96654 45 40 11  5  0
11  0      0 114724 237616 6360228    0    0     0 23128 16861 98359 41 44 11  4  0
12  2      0 114236 237616 6359364    0    0     0 19236 16860 92579 45 38 13  4  0
15  3      0 123020 237616 6353544    0    0     0 17760 16479 94535 47 39 11  3  0
11  1      0 112892 237616 6355444    0    0     0 17332 15282 86983 44 42  9  5  0
14  0      0 113792 237616 6358468    0    0     0 21580 15566 102902 46 40 11  4  0
22  0      0 115512 237616 6357852    0    0     0 18772 16120 86737 45 39 11  5  0
12  1      0 113456 237616 6356684    0    0     0 19464 17163 96899 40 42 13  5  0
16  1      0 119064 237616 6355484    0    0     0 23984 17069 88384 42 42 12  4  0
13  1      0 110992 237616 6358148    0    0     0 18604 15785 90261 46 38 12  4  0
11  0      0 120132 237616 6358296    0    0     0 19472 17243 88536 45 39 12  4  0
15  1      0 114556 237616 6357796    0    0     0 19308 17978 91114 42 40 13  5  0
 8  0      0 112248 237616 6359148    0    0     0 35444 16773 93558 48 38 11  3  0
17  0      0 114028 237616 6359204    0    0     0 19368 15910 89487 46 41 10  3  0
procs -----------memory---------- ---swap-- -----io---- -system-- ------cpu-----
 r  b   swpd   free   buff  cache   si   so    bi    bo   in   cs us sy id wa st
20  0      0 108620 237616 6364444    0    0     0 21768 13770 75888 40 43 13  4  0
20  0      0 110700 237616 6358996    0    0     4 19076 15067 80188 44 38 13  4  0
20  0      0 108236 237616 6364532    0    0     0 26608 16077 90329 44 40 12  5  0
17  0      0 108712 237616 6357688    0    0     0 30640 15268 90111 45 39 11  5  0
 9  0      0 121268 237628 6345792    0    0    12 29464 15343 92992 47 40 10  4  0
 8  1      0 121156 237628 6351644    0    0     0 19680 15565 85902 40 40 14  6  0
 9  3      0 108084 237628 6361552    0    0     4 22716 15413 93484 44 39 13  5  0
 0  0      0 110036 237628 6364860    0    0     0 13936 10208 58080 28 24 45  4  0
 1  0      0 110816 237628 6364596    0    0     0  5084 1178 2156  1  2 96  2  0
