procs -----------memory---------- ---swap-- -----io---- -system-- ------cpu-----
 r  b   swpd   free   buff  cache   si   so    bi    bo   in   cs us sy id wa st
 0  0      0 3061984  36244 705208    0    0     6    20  211  263  3  1 96  0  0
 0  0      0 3034588  36244 705008    0    0     0     0  970 1546  1  1 98  0  0
 0  0      0 3031208  36244 705008    0    0     0     0 1601 2003  1  1 99  0  0
 0  0      0 3030376  36244 705008    0    0     0     0  182  283  0  0 100  0  0
 0  0      0 3031264  36244 705008    0    0     0     0 1062 1262  0  0 99  0  0
 2  0      0 3027232  36256 704996    0    0     0   104  208  349  0  1 99  0  0
 1  0      0 3005404  36256 704996    0    0     0     0 4156 5396  7  3 90  0  0
 2  0      0 2977440  36256 705012    0    0     0     0 12952 14862 35 10 55  0  0
 1  0      0 2968092  36256 705024    0    0     0     0 13994 15747 35 12 53  0  0
 3  0      0 2960304  36256 705028    0    0     0     0 12686 14496 39 10 51  0  0
 1  0      0 2951952  36264 705036    0    0     0    72 13687 15216 40 10 50  0  0
 3  0      0 2941824  36264 705092    0    0     0    48 14006 15808 39 10 51  0  0
 4  0      0 2933424  36264 705128    0    0     0     0 14011 15799 40 10 51  0  0
 2  0      0 2926976  36264 705188    0    0     0     0 13108 14823 40 10 50  0  0
 1  0      0 2922124  36264 705244    0    0     0     0 12747 14227 39  9 52  0  0
 1  0      0 2916496  36272 705256    0    0     0    20 12039 13758 39 11 51  0  0
 1  0      0 2910776  36272 705320    0    0     0    44 12229 13775 37 10 53  0  0
 4  0      0 2908188  36272 705336    0    0     0     4 12971 14993 39 10 52  0  0
 1  0      0 2901308  36272 705364    0    0     0     0 12417 14060 38 10 52  0  0
 2  0      0 2899096  36272 705424    0    0     0     0 12117 13712 36 11 53  0  0
 1  0      0 2896668  36280 705432    0    0     0    36 11406 12799 37 11 52  0  0
procs -----------memory---------- ---swap-- -----io---- -system-- ------cpu-----
 r  b   swpd   free   buff  cache   si   so    bi    bo   in   cs us sy id wa st
 1  0      0 2890556  36280 705468    0    0     0     0 12255 13900 37 10 53  0  0
 4  0      0 2884964  36280 705492    0    0     0    44 13020 14601 39 10 51  0  0
 4  0      0 2881996  36280 705528    0    0     0     4 12760 14523 39 10 51  0  0
 1  0      0 2878588  36280 705556    0    0     0     0 12614 13962 37 11 52  0  0
 3  0      0 2877368  36288 705588    0    0     0    20 12329 14127 39  9 52  0  0
 3  0      0 2874032  36288 705664    0    0     0     0 13402 15329 38  9 53  0  0
 4  0      0 2868020  36288 705672    0    0     0    40 12787 14492 40  9 50  0  0
 2  0      0 2864892  36288 705676    0    0     0     0 13061 14833 39 10 51  0  0
 2  0      0 2860828  36288 705720    0    0     0     4 12235 13924 39 11 50  0  0
 2  0      0 2859428  36300 705732    0    0     0   968 12723 14218 42 11 47  0  0
 2  0      0 2857224  36300 705800    0    0     0     0 13582 15137 41 11 49  0  0
 1  0      0 2855264  36300 705860    0    0     0    56 13573 15327 41  9 49  0  0
 1  0      0 2853588  36300 705884    0    0     0     0 12597 14666 40  9 50  0  0
 1  0      0 2849068  36300 705944    0    0     0     0 12543 14232 40 11 50  0  0
 1  0      0 2844516  36308 705984    0    0     0    48 10586 12082 41 11 48  0  0
 1  0      0 2844700  36308 706036    0    0     0     0 12634 14351 40 11 50  0  0
 1  0      0 2843188  36308 706100    0    0     0   136 12823 14555 42 11 47  0  0
 2  0      0 2841632  36308 706160    0    0     0     0 13011 14774 41 10 49  0  0
 2  0      0 2835312  36308 706224    0    0     0     0 12394 13896 41 11 49  0  0
 4  0      0 2833396  36320 706308    0    0     0    64 11729 12958 39 12 48  0  0
 1  0      0 2831772  36320 706352    0    0     0     4 13210 15186 40 10 50  0  0
procs -----------memory---------- ---swap-- -----io---- -system-- ------cpu-----
 r  b   swpd   free   buff  cache   si   so    bi    bo   in   cs us sy id wa st
 1  0      0 2830996  36320 706440    0    0     0   184 13034 14909 40 10 51  0  0
 3  0      0 2828128  36320 706520    0    0     0     0 12953 14729 41  9 50  0  0
 2  0      0 2826608  36320 706548    0    0     0     0 12131 13262 40 10 50  0  0
 4  0      0 2826580  36332 706588    0    0     0    28 12410 14217 40  9 51  0  0
 2  0      0 2823444  36332 706664    0    0     0     0 12364 13998 39 10 51  0  0
 3  0      0 2821908  36332 706696    0    0     0     8 12744 14695 42  9 49  0  0
 1  0      0 2821600  36332 706772    0    0     0     0 13108 15015 40  9 51  0  0
 1  0      0 2820144  36332 706840    0    0     0     0 13863 15289 42 10 48  0  0
 2  0      0 2817328  36340 706904    0    0     0    40 13027 14725 41 11 47  0  0
 1  0      0 2814964  36340 706948    0    0     0     0 12613 14603 37 12 51  0  0
 2  0      0 2815568  36340 707044    0    0     0     0 12135 13985 38 10 52  0  0
 4  0      0 2812800  36340 707112    0    0     0     4 13304 14796 41 12 47  0  0
 4  0      0 2810812  36340 707148    0    0     0     0 12456 13649 41 10 49  0  0
 1  0      0 2810960  36348 707236    0    0     0    12 13345 15081 39 11 50  0  0
 4  0      0 2811232  36348 707292    0    0     0     0 12521 13958 39 10 51  0  0
 2  0      0 2810188  36348 707328    0    0     0   520 12870 14967 39  9 52  0  0
 3  0      0 2809848  36348 707364    0    0     0     0 13891 15374 41  9 50  0  0
 2  0      0 2808920  36348 707412    0    0     0     4 13652 15625 38 12 50  0  0
 2  0      0 2808148  36360 707456    0    0     0    28 14115 15659 41  9 49  0  0
 4  0      0 2807100  36360 707548    0    0     0     0 14067 15759 41 12 47  0  0
 3  0      0 2803216  36360 707576    0    0     0     0 13089 14540 39 10 51  0  0
procs -----------memory---------- ---swap-- -----io---- -system-- ------cpu-----
 r  b   swpd   free   buff  cache   si   so    bi    bo   in   cs us sy id wa st
 1  0      0 2801408  36360 707692    0    0     0     0 12596 14241 39 10 51  0  0
 4  0      0 2801168  36360 707704    0    0     0     0 12878 14611 40 11 49  0  0
 2  0      0 2799716  36368 707776    0    0     0    16 12326 14065 42 11 48  0  0
 3  0      0 2799168  36368 707800    0    0     0    12 21765 34607 41 13 46  0  0
 0  0      0 3057696  36368 706600    0    0     0     4 26894 52118 26 11 63  0  0
