procs -----------memory---------- ---swap-- -----io---- -system-- ------cpu-----
 r  b   swpd   free   buff  cache   si   so    bi    bo   in   cs us sy id wa st
 2  0      0 500968 240176 6340796    0    0     8   537  475  309  5  4 91  1  0
 0  1      0 676172 240176 6149628    0    0     0 44532 21004 39863  6  9 73 12  0
 2  0      0 657668 240176 6161052    0    0     0 23772 18801 34535  7  5 85  3  0
 4  0      0 654540 240176 6161068    0    0     0  1972  400  581  0  1 99  0  0
 0  0      0 654696 240176 6160956    0    0     0 23664 4190 7225  1  2 95  2  0
 1  0      0 653620 240176 6160960    0    0     0  2684  707 1253  0  1 98  1  0
 0  0      0 647844 240176 6160976    0    0     0  2816 4050 6697  3  2 94  1  0
10  1      0 667080 240244 6124020    0    0   256 19632 20894 48433 41 29 29  2  0
 9  1      0 653532 240244 6133792    0    0     0  8296 21405 54421 50 28 21  1  0
 9  0      0 643844 240244 6144068    0    0     0 22676 19490 47396 47 32 20  1  0
 7  0      0 632696 240244 6151952    0    0     0  8416 20003 48030 49 29 22  1  0
 6  0      0 616216 240244 6166312    0    0     0 18612 20926 50881 50 28 20  1  0
11  0      0 604684 240244 6172960    0    0     0  8888 21111 70535 49 30 20  1  0
 7  0      0 593432 240244 6183764    0    0     0 19296 19307 47291 46 33 20  1  0
14  0      0 587380 240244 6194628    0    0     0 15664 19898 49266 46 33 20  1  0
12  0      0 570316 240248 6201008    0    0     0 11884 18703 46886 47 30 21  2  0
 6  0      0 564236 240248 6211348    0    0     0 16072 19855 48715 46 29 23  2  0
 7  0      0 551392 240248 6219000    0    0     0 12960 19364 49089 48 29 21  2  0
 9  0      0 535404 240248 6238696    0    0     0 23996 18571 46067 48 29 22  1  0
13  0      0 521292 240248 6246492    0    0     0 12592 18887 48010 48 29 22  2  0
17  0      0 516536 240256 6256852    0    0     4 66160 17986 44515 45 30 23  2  0
procs -----------memory---------- ---swap-- -----io---- -system-- ------cpu-----
 r  b   swpd   free   buff  cache   si   so    bi    bo   in   cs us sy id wa st
 5  0      0 508660 240256 6274176    0    0     0 28656 19679 47728 44 32 23  2  0
 6  0      0 495184 240256 6280228    0    0     0 11528 18889 46626 45 33 21  1  0
12  0      0 485920 240256 6290748    0    0     0 26096 19655 48404 49 30 20  1  0
 8  0      0 479284 240256 6297136    0    0     0 12392 19204 45881 47 32 20  1  0
 7  0      0 460656 240256 6307584    0    0     0 16732 18015 46450 47 30 22  2  0
 8  0      0 462092 240260 6313428    0    0     0 12028 19434 47424 45 34 20  2  0
10  0      0 446516 240260 6324300    0    0     0 17136 18238 43787 48 28 22  2  0
10  0      0 450744 240260 6330988    0    0     0 12536 19202 47794 48 31 20  1  0
 8  0      0 429312 240264 6342616    0    0     0 17992 18002 45137 46 31 22  1  0
15  0      0 426464 240264 6348148    0    0     0 11964 18338 43920 46 31 21  2  0
13  0      0 411384 240264 6358824    0    0     0 22924 19718 46882 48 30 21  2  0
14  0      0 408800 240264 6365480    0    0     0 15392 20183 47807 47 31 20  1  0
13  0      0 392288 240264 6375956    0    0     0 19344 19125 46834 47 30 22  2  0
 8  0      0 388836 240264 6382440    0    0     0 15132 18902 46304 43 32 22  2  0
14  0      0 410044 240268 6351732    0    0     4 73132 17737 44023 43 33 22  3  0
12  0      0 403496 240268 6362456    0    0     0 17724 18765 46814 42 35 22  1  0
10  0      0 392396 240268 6368688    0    0     0 14632 19885 48962 41 35 22  2  0
 9  0      0 393436 240268 6379112    0    0     0 31304 20428 47592 41 36 21  2  0
 8  0      0 380528 240272 6393956    0    0     0 23020 18774 47035 45 30 22  2  0
11  0      0 362840 240272 6403964    0    0     0 17796 18492 44603 43 31 23  3  0
11  0      0 355616 240272 6411968    0    0     0 15364 19527 47829 42 35 21  2  0
procs -----------memory---------- ---swap-- -----io---- -system-- ------cpu-----
 r  b   swpd   free   buff  cache   si   so    bi    bo   in   cs us sy id wa st
12  0      0 352636 240272 6417900    0    0     0 16208 19970 48782 45 32 22  1  0
 9  0      0 334916 240272 6428392    0    0     0 17380 19331 47405 42 33 23  2  0
 8  0      0 330464 240276 6439236    0    0     0 18904 18191 43718 42 33 23  2  0
12  0      0 319952 240276 6445464    0    0     0 13120 18978 51937 46 31 22  2  0
18  0      0 313960 240280 6457600    0    0     0 27200 19270 47043 43 33 23  2  0
13  0      0 301400 240280 6463936    0    0     0 13392 19996 49126 43 32 23  1  0
12  0      0 295172 240280 6470800    0    0     0 14064 19845 49450 45 31 22  2  0
 7  0      0 285076 240280 6481644    0    0     0 17744 20912 50676 44 32 22  2  0
11  0      0 267908 240280 6493424    0    0     0 18920 19120 45968 49 30 20  1  0
17  0      0 262784 240280 6500704    0    0     0 18164 19922 48261 45 30 23  2  0
 3  0      0 255256 240288 6511380    0    0     0 17736 18851 56284 44 32 22  2  0
 7  0      0 243552 240288 6521624    0    0     0 17700 20347 49254 43 35 21  2  0
11  0      0 234984 240288 6528104    0    0     0 24928 20040 49650 39 36 23  1  0
 8  0      0 235116 240288 6533840    0    0     0 12856 19214 47598 44 33 22  2  0
10  0      0 217192 240288 6545412    0    0     0 17488 19600 48672 45 33 20  2  0
 6  0      0 207900 240288 6551940    0    0     0 14480 18682 44447 43 32 23  2  0
 8  0      0 222228 240288 6562720    0    0     0 22368 19606 46721 42 34 22  2  0
 9  0      0 210272 240292 6572780    0    0     0 18316 20779 49800 44 34 21  1  0
10  0      0 208352 240292 6578044    0    0     0 13408 19564 45777 46 30 22  2  0
 5  0      0 195588 240292 6588324    0    0     0 18340 20137 47392 43 32 22  2  0
 5  0      0 182384 240292 6593964    0    0     0 21848 19684 46769 45 30 23  2  0
procs -----------memory---------- ---swap-- -----io---- -system-- ------cpu-----
 r  b   swpd   free   buff  cache   si   so    bi    bo   in   cs us sy id wa st
 7  0      0 174316 240292 6603272    0    0     0 19640 19251 47046 47 29 21  2  0
 7  0      0 165708 240292 6608864    0    0     0 15424 19337 46743 44 32 22  2  0
 8  0      0 158812 240300 6618304    0    0     0 18884 18509 49113 49 27 22  2  0
 0  0      0 155732 240308 6622632    0    0     8 187692 18509 47094 42 29 26  3  0
 3  0      0 154248 240308 6623292    0    0     0  9220 2614 3957  1  2 95  3  0
 2  0      0 162748 240308 6622148    0    0     0 10040 3357 5993  2  5 91  2  0
