procs -----------memory---------- ---swap-- -----io---- -system-- ------cpu-----
 r  b   swpd   free   buff  cache   si   so    bi    bo   in   cs us sy id wa st
 2  0      0 3535576  20832 296292    0    0    13     3  296  348  6  2 92  0  0
 0  0      0 3512988  20832 296176    0    0     0     0  733 1138  1  1 98  0  0
 0  0      0 3510684  20832 296176    0    0     0     0  159  276  0  0 100  0  0
 0  0      0 3510748  20832 296176    0    0     0     0   46   43  0  0 100  0  0
 0  0      0 3509516  20832 296176    0    0     0     4  162  269  0  0 100  0  0
 0  0      0 3509516  20844 296176    0    0     0    68  724  920  0  1 100  0  0
 0  0      0 3505596  20844 296176    0    0     0     8 1122 1447  0  0 99  0  0
 0  0      0 3505596  20844 296176    0    0     0     0   30   21  0  0 100  0  0
 0  0      0 3502572  20844 296176    0    0     0     0 1149 1441  0  1 99  0  0
 0  0      0 3499800  20844 296176    0    0     0     4  133  263  0  0 100  0  0
 2  0      0 3478996  20852 296168    0    0     0    56 5687 6893 12  4 84  0  0
 1  0      0 3458928  20852 296064    0    0     0     0 8244 9684 28  8 64  0  0
 1  0      0 3454412  20852 296068    0    0     0     0 7469 8528 29  9 61  0  0
 1  0      0 3448456  20852 296072    0    0     0     0 7398 8583 30  8 62  0  0
 1  0      0 3444980  20852 296076    0    0     0     0 7772 8973 30  8 62  0  0
 3  0      0 3438340  20860 296076    0    0     0    56 7610 9006 29  9 62  0  0
 1  0      0 3436168  20860 296076    0    0     0     0 8587 10182 30 10 61  0  0
 2  0      0 3432520  20860 296080    0    0     0     0 9255 11160 33  6 61  0  0
 1  0      0 3432164  20860 296084    0    0     0     0 10899 12750 31 11 58  0  0
 1  0      0 3428564  20860 296088    0    0     0     0 11584 13507 32  7 62  0  0
 1  0      0 3425716  20868 296112    0    0     0    44 12615 14128 29 10 61  0  0
procs -----------memory---------- ---swap-- -----io---- -system-- ------cpu-----
 r  b   swpd   free   buff  cache   si   so    bi    bo   in   cs us sy id wa st
 1  0      0 3422484  20868 296128    0    0     0     4 11961 14341 32  9 59  0  0
 1  0      0 3421164  20868 296148    0    0     0     0 11146 12508 26  9 65  0  0
 2  0      0 3419864  20868 296168    0    0     0     0 10981 13174 32  9 59  0  0
 3  0      0 3413796  20868 296192    0    0     0     0 12090 14024 32  9 59  0  0
 1  0      0 3412668  20876 296188    0    0     0    48 11960 14050 31  9 60  0  0
 3  0      0 3412000  20876 296236    0    0     0     0 12282 14663 31  9 60  0  0
 1  0      0 3412580  20876 296236    0    0     0     4 11323 13712 32  8 59  0  0
 3  0      0 3409412  20876 296240    0    0     0     0 11226 13315 33  8 60  0  0
 3  0      0 3408212  20876 296244    0    0     0     0 12488 15519 32 10 58  0  0
 2  0      0 3406720  20884 296248    0    0     0   956 11833 13985 32  9 59  1  0
 4  0      0 3406048  20884 296252    0    0     0    20 12167 14726 29 10 60  0  0
 4  0      0 3403392  20884 296252    0    0     0     0 12256 14048 29  9 62  0  0
 2  0      0 3400908  20884 296292    0    0     0     4 12012 14713 31  8 61  0  0
 3  0      0 3399124  20884 296292    0    0     0     0 12606 15174 31  9 60  0  0
 1  0      0 3398688  20896 296296    0    0     0    64 11807 14249 33 10 57  0  0
 4  0      0 3397256  20896 296304    0    0     0    16 11547 13636 33  7 59  0  0
 3  0      0 3399148  20896 296304    0    0     0     0 10617 13031 31  9 60  0  0
 4  0      0 3396928  20896 296312    0    0     0     0 11428 13675 32  8 59  0  0
 2  0      0 3395040  20896 296348    0    0     0     4 12218 14751 31 11 59  0  0
 1  0      0 3393980  20904 296340    0    0     0    28 12423 14753 32  9 59  0  0
 2  0      0 3388840  20904 296368    0    0     0    24 11095 13303 33  8 59  0  0
procs -----------memory---------- ---swap-- -----io---- -system-- ------cpu-----
 r  b   swpd   free   buff  cache   si   so    bi    bo   in   cs us sy id wa st
 2  0      0 3392184  20904 296368    0    0     0     0 11522 13732 32  8 59  0  0
 4  0      0 3387864  20904 296372    0    0     0     0 11120 13343 34  9 57  0  0
 2  0      0 3390184  20904 296396    0    0     0     0 12433 15168 33  9 58  0  0
 4  0      0 3384060  20904 296416    0    0     0    12 11731 14226 33 10 57  0  0
 3  0      0 3387056  20912 296420    0    0     0    48 12443 15036 33  9 58  0  0
 4  0      0 3386484  20912 296424    0    0     0     0 12257 14617 31  8 61  0  0
 2  0      0 3385740  20912 296432    0    0     0     0 12002 15138 30  8 61  0  0
 6  0      0 3382228  20912 296432    0    0     0     0 11740 14063 30 10 60  0  0
 2  0      0 3384772  20912 296436    0    0     0     0 13395 16107 32  8 60  0  0
 2  0      0 3383748  20920 296440    0    0     0    52 13129 15973 33  8 58  0  0
 2  0      0 3383920  20920 296440    0    0     0     0 11682 14269 32  8 60  0  0
 1  0      0 3383968  20920 296416    0    0     0     0 10816 12918 33  8 59  0  0
 2  0      0 3383804  20920 296400    0    0     0     0 11299 13918 33  8 58  0  0
 2  0      0 3383516  20920 296400    0    0     0     0 11207 13661 34  8 58  0  0
 1  0      0 3383280  20928 296404    0    0     0    60 12175 14615 34  9 58  0  0
 3  0      0 3383476  20928 296388    0    0     0     4 11805 13975 32  9 58  0  0
 1  0      0 3383060  20928 296408    0    0     0     0 11414 13939 34  9 58  0  0
 2  0      0 3383284  20928 296424    0    0     0     0 12389 14796 31  9 60  0  0
 4  0      0 3383852  20928 296428    0    0     0     0 10462 12676 30  9 61  0  0
 1  0      0 3383988  20936 296464    0    0     0    24 11931 14205 34  7 59  0  0
 2  0      0 3382692  20936 296436    0    0     0    16 10727 12692 34  9 57  0  0
procs -----------memory---------- ---swap-- -----io---- -system-- ------cpu-----
 r  b   swpd   free   buff  cache   si   so    bi    bo   in   cs us sy id wa st
 1  0      0 3383328  20936 296436    0    0     0     4 11124 13361 33  9 58  0  0
 3  0      0 3383260  20936 296424    0    0     0     0 11636 14336 33  9 58  0  0
 1  0      0 3383688  20936 296428    0    0     0     0 12631 15266 32 10 58  0  0
 2  0      0 3383572  20944 296432    0    0     0    36 12391 14979 32  9 60  0  0
 1  0      0 3382668  20944 296432    0    0     0    20 11606 13964 32  9 59  0  0
 4  0      0 3382952  20944 296420    0    0     0     0 11755 13982 32  9 58  0  0
 1  0      0 3384180  20944 296420    0    0     0     4 12874 15336 34  8 58  0  0
 4  0      0 3383568  20944 296428    0    0     0     0 27216 53843 45 12 43  0  0
 0  0      0 3537924  20952 296432    0    0     0    64 9300 17797 14  6 80  0  0
