procs -----------memory---------- ---swap-- -----io---- -system-- ------cpu-----
 r  b   swpd   free   buff  cache   si   so    bi    bo   in   cs us sy id wa st
 1  0      0 1007176 244792 5581244    0    0    29  1255 1080 1600 12  9 77  2  0
 1  1      0 1125536 244792 5466440    0    0     0 17012 12869 24103  2  4 78 16  0
 0  1      0 1121252 244792 5466812    0    0     0 17576 16085 30946  1  6 75 19  0
 0  1      0 1121252 244792 5467232    0    0     0 17744 16148 30773  1  6 74 19  0
 0  1      0 1104396 244792 5468396    0    0     0 19580 16317 31257  2  6 74 18  0
 1  0      0 1109756 244792 5502512    0    0     0 60140 19776 36724  8  8 68 16  0
 2  0      0 1103512 244792 5502584    0    0     0  6040 11310 20499  6  3 88  3  0
 1  0      0 1103512 244792 5502588    0    0     0  3784  712 1239  0  0 98  1  0
 1  0      0 1101592 244792 5502908    0    0     0  5408 5833 10151  1  3 93  3  0
 3  0      0 1101592 244792 5502908    0    0     0  5452  621 1057  0  1 98  1  0
 2  1      0 1104236 244800 5504108    0    0     0  7204 9767 20454  8  9 79  4  0
10  1      0 1088652 244800 5513652    0    0     0 28272 16405 69819 35 41 17  7  0
 9  2      0 1096932 244800 5518212    0    0     0 15484 13897 63148 36 40 17  7  0
16  0      0 1089636 244800 5523432    0    0     0 17676 13453 64117 39 36 17  8  0
15  1      0 1083176 244800 5528220    0    0     0 15996 14005 62638 40 37 17  6  0
20  1      0 1079676 244800 5531924    0    0     0 25648 13115 71622 38 38 16  8  0
 8  1      0 1067896 244800 5540072    0    0     0 17280 13328 85184 39 42 14  5  0
14  0      0 1062324 244800 5544556    0    0     0 16268 14602 79245 44 39 12  5  0
22  0      0 1057900 244800 5547660    0    0     0 16792 16062 72505 45 38 13  3  0
13  1      0 1036640 244800 5560732    0    0     0 25800 16583 74187 46 40 10  3  0
16  0      0 1040188 244800 5565380    0    0     0 19728 18008 84989 46 39 12  3  0
procs -----------memory---------- ---swap-- -----io---- -system-- ------cpu-----
 r  b   swpd   free   buff  cache   si   so    bi    bo   in   cs us sy id wa st
 7  0      0 1031228 244800 5570000    0    0     0 19536 17775 88356 45 41 11  3  0
10  2      0 1025652 244800 5573940    0    0     0 26332 16623 92930 45 40 12  4  0
17  1      0 1014232 244800 5584456    0    0     0 25200 16137 83460 41 42 13  4  0
14  0      0 1008468 244800 5587204    0    0     0 25192 16543 81444 46 40 10  4  0
11  1      0 1009748 244800 5589584    0    0     0 18024 16717 86151 45 40 10  5  0
14  0      0 999744 244800 5592168    0    0     0 21272 16666 87190 49 38  9  3  0
12  0      0 1003256 244800 5595032    0    0     0 18384 16368 103404 47 40 10  4  0
 7  1      0 998720 244800 5597024    0    0     0 16988 16039 85589 45 40 11  3  0
10  1      0 996232 244800 5600420    0    0     0 18548 16979 93226 47 39 11  3  0
15  1      0 983440 244800 5610612    0    0     0 44052 16447 88899 46 40  9  4  0
14  1      0 977208 244800 5614584    0    0     0 20376 16827 91753 48 40 10  3  0
12  0      0 971692 244800 5617472    0    0     0 18660 15924 95792 48 39  9  3  0
 3  2      0 973876 244800 5620112    0    0     0 15852 16568 102668 48 35 12  5  0
10  2      0 964692 244800 5622732    0    0     0 18200 16408 89668 48 39  9  4  0
11  1      0 960460 244800 5631164    0    0     0 24780 16778 80313 46 38 12  4  0
15  2      0 954468 244800 5633516    0    0     0 23016 16889 81527 47 40  9  4  0
18  1      0 949468 244800 5643200    0    0     0 25296 15739 75752 44 40 10  5  0
10  1      0 941812 244800 5652348    0    0     0 25204 15087 90891 50 38  7  5  0
 6  2      0 934124 244800 5655428    0    0     0 27460 16339 82326 44 41 11  4  0
17  1      0 931272 244800 5659712    0    0     0 20304 17101 87148 47 41  9  3  0
17  0      0 919580 244800 5666840    0    0     0 37812 15691 85916 45 41 10  4  0
procs -----------memory---------- ---swap-- -----io---- -system-- ------cpu-----
 r  b   swpd   free   buff  cache   si   so    bi    bo   in   cs us sy id wa st
14  1      0 917708 244800 5668712    0    0     0 17168 16147 89034 47 40  9  3  0
18  0      0 918808 244800 5670908    0    0     0 16956 15617 82319 47 39  9  4  0
10  1      0 907468 244800 5677204    0    0     0 27424 16387 91189 49 38 10  3  0
14  1      0 907944 244800 5679308    0    0     0 17796 16464 88421 46 41  9  4  0
13  0      0 903436 244800 5681688    0    0     0 18532 15730 83185 48 39 10  3  0
11  1      0 898740 244800 5687732    0    0     0 22448 17923 89520 45 41 11  4  0
 5  1      0 898728 244800 5690216    0    0     0 15904 16115 91175 45 38 13  4  0
16  0      0 898044 244800 5691300    0    0     0  9112 16380 108064 45 31 18  6  0
24  0      0 896508 244800 5698340    0    0     0 22176 17040 105162 49 40  8  3  0
16  1      0 886420 244800 5701932    0    0     0 16384 17568 105857 49 36 10  5  0
15  3      0 879088 244800 5704736    0    0     0 17332 16347 84397 45 40 11  4  0
10  0      0 876984 244800 5707496    0    0     0 17300 15722 83581 45 39 11  4  0
 9  3      0 915412 244800 5673500    0    0     0 31120 15552 94726 45 41 10  3  0
11  2      0 910876 244800 5681016    0    0     0 20812 15433 95660 46 40 11  3  0
11  1      0 912252 244800 5682916    0    0     0 17412 17095 87149 44 42  9  5  0
10  0      0 906044 244800 5685148    0    0     0 21012 16702 90132 45 40 12  3  0
14  1      0 903164 244800 5686896    0    0     0 15248 15708 95579 48 41  9  2  0
12  1      0 894316 244800 5694104    0    0     0 28820 16794 97692 50 36 11  2  0
10  1      0 897068 244800 5696488    0    0     0 17612 15074 82612 50 37 10  4  0
18  1      0 886860 244800 5700448    0    0     0 19132 16438 93592 51 39  7  3  0
19  0      0 886336 244800 5703100    0    0     0 17136 16341 81650 48 37 10  4  0
procs -----------memory---------- ---swap-- -----io---- -system-- ------cpu-----
 r  b   swpd   free   buff  cache   si   so    bi    bo   in   cs us sy id wa st
17  1      0 885108 244800 5705348    0    0     0 17744 15620 78341 45 40 10  4  0
14  2      0 878164 244800 5708012    0    0     0 22584 15731 87330 48 40  9  4  0
19  0      0 881220 244800 5715024    0    0     0 21748 15207 92560 52 36  9  3  0
 9  0      0 871408 244800 5720900    0    0     0 18120 16053 95925 46 42  8  3  0
23  1      0 859704 244800 5726840    0    0     0 21200 15980 92003 47 37 11  5  0
16  1      0 854656 244800 5729084    0    0     0 16948 15183 91145 49 38 10  3  0
14  0      0 853764 244800 5731096    0    0     0 29192 16648 83414 48 37 11  4  0
 1  1      0 851204 244800 5733892    0    0     0 16916 15040 69104 41 30 22  7  0
 2  0      0 854480 244800 5740048    0    0     0 11252 1622 2600  1  1 89  9  0
