procs -----------memory---------- ---swap-- -----io---- -system-- ------cpu-----
 r  b   swpd   free   buff  cache   si   so    bi    bo   in   cs us sy id wa st
 1  0      0 3542140  17396 294364    0    0    66     6  174  192  4  2 95  0  0
 0  0      0 3516076  17396 294332    0    0     0     0  895 1507  2  1 97  0  0
 0  0      0 3516076  17396 294332    0    0     0     0   38   42  0  0 100  0  0
 0  0      0 3514260  17408 294332    0    0     0    52  179  304  0  1 99  0  0
 1  0      0 3513080  17408 294332    0    0     0     4  108  253  0  1 99  0  0
 0  0      0 3513332  17408 294332    0    0     0   852  127  109  0  0 100  0  0
 0  0      0 3515576  17408 294332    0    0     0     8  195  276  0  1 100  0  0
 0  0      0 3515576  17408 294332    0    0     0     0   51   26  0  0 100  0  0
 0  0      0 3513856  17408 294332    0    0     0    16  631  831  0  0 99  0  0
 0  0      0 3513892  17416 294332    0    0     0    40   71   70  0  0 100  0  0
 0  0      0 3513848  17416 294332    0    0     0     4  242  394  0  1 99  0  0
 0  0      0 3513920  17416 294332    0    0     0     0   37   34  0  0 100  0  0
 0  0      0 3512912  17416 294332    0    0     0     0  141  254  0  0 100  0  0
 0  0      0 3512688  17416 294332    0    0     0     4  363  469  0  0 100  0  0
 0  0      0 3513444  17416 294332    0    0     0    28  182  282  0  0 100  0  0
 0  0      0 3513444  17424 294332    0    0     0    12   62   66  0  0 100  0  0
 0  0      0 3512216  17424 294332    0    0     0     4  184  277  0  0 100  0  0
 0  0      0 3512216  17424 294332    0    0     0     0   39   39  0  0 100  0  0
 0  0      0 3513916  17424 294332    0    0     0     0  243  409  0  0 99  0  0
 1  0      0 3513588  17424 294332    0    0     0     0  742  856  0  0 99  0  0
 0  0      0 3510548  17424 294332    0    0     0     0  360  480  0  0 99  0  0
procs -----------memory---------- ---swap-- -----io---- -system-- ------cpu-----
 r  b   swpd   free   buff  cache   si   so    bi    bo   in   cs us sy id wa st
 2  0      0 3509928  17432 294332    0    0     0    16  229  259  0  0 100  0  0
 0  0      0 3509172  17432 294332    0    0     0     0  476  638  0  1 99  0  0
 1  0      0 3509400  17432 294332    0    0     0     0   92  145  0  0 100  0  0
 0  0      0 3508932  17432 294332    0    0     0     0 1407 1641  0  1 99  0  0
 0  0      0 3508964  17432 294332    0    0     0     0   37   38  0  0 100  0  0
 0  0      0 3509748  17432 294332    0    0     0     4 1112 1399  1  1 99  0  0
 1  0      0 3482476  17440 294332    0    0     0    12 5389 5893 21  7 72  0  0
 2  0      0 3466004  17440 294336    0    0     0     0 5414 5380 27  8 66  0  0
 1  0      0 3458824  17440 294340    0    0     0     0 5055 4697 26  8 67  0  0
 2  0      0 3456904  17440 294340    0    0     0     0 4427 4352 26  8 66  0  0
 2  0      0 3456804  17440 294344    0    0     0     4 5264 5140 26  8 66  0  0
 1  0      0 3454340  17448 294348    0    0     0    32 4814 4737 28  7 65  0  0
 1  0      0 3453360  17448 294348    0    0     0     0 2987 2760 22  6 71  0  0
 1  0      0 3454668  17448 294348    0    0     0     0 3425 3158 23  7 70  0  0
 2  0      0 3453280  17448 294348    0    0     0     0 4003 3648 24  9 67  0  0
 2  0      0 3452712  17448 294348    0    0     0     0 3096 2984 25  6 69  0  0
 1  0      0 3451468  17456 294340    0    0     0    28 3306 2963 25  8 68  0  0
 1  0      0 3451524  17456 294348    0    0     0     4 3922 3864 26  6 68  0  0
 1  0      0 3451284  17456 294348    0    0     0     0 3717 3562 25  6 69  0  0
 1  0      0 3452820  17456 294348    0    0     0     0 4132 4065 26  8 66  0  0
 1  0      0 3451120  17456 294348    0    0     0     0 4013 3814 26  7 68  0  0
procs -----------memory---------- ---swap-- -----io---- -system-- ------cpu-----
 r  b   swpd   free   buff  cache   si   so    bi    bo   in   cs us sy id wa st
 2  1      0 3452032  17464 294340    0    0     0    12 3311 3286 24  8 67  0  0
 1  0      0 3451488  17464 294348    0    0     0     4 3933 3599 26  8 66  0  0
 1  0      0 3453388  17464 294352    0    0     0     8 4087 3912 26  7 68  0  0
 3  0      0 3452268  17464 294352    0    0     0     0 4200 3953 26  7 67  0  0
 4  0      0 3453176  17464 294352    0    0     0     0 4144 4088 26  6 68  0  0
 2  0      0 3452252  17464 294352    0    0     0     0 4405 4183 27  7 66  0  0
 1  0      0 3451424  17472 294356    0    0     0    12 4262 4246 26  8 66  0  0
 2  0      0 3450284  17472 294356    0    0     0     8 4081 3831 26  8 66  0  0
 1  0      0 3452468  17472 294356    0    0     0     8 3586 3433 26  7 67  0  0
 1  0      0 3452704  17472 294356    0    0     0     0 4309 4092 28  7 65  0  0
 1  0      0 3449908  17472 294356    0    0     0     0 4336 4174 26  7 67  0  0
 1  0      0 3449676  17480 294356    0    0     0    20 4801 4719 26  6 68  0  0
 2  0      0 3448488  17480 294356    0    0     0     0 4664 4551 26  8 66  0  0
 2  0      0 3449224  17480 294356    0    0     0     8 3754 3544 25  7 68  0  0
 1  0      0 3449352  17480 294356    0    0     0     0 4016 4029 26  8 67  0  0
 2  0      0 3448668  17480 294356    0    0     0     0 3867 3665 26  7 68  0  0
 1  0      0 3450004  17480 294360    0    0     0     8 4652 4642 27  7 67  0  0
 1  0      0 3448848  17488 294360    0    0     0    12 4457 4076 25  8 67  0  0
 1  0      0 3448856  17488 294360    0    0     0     0 1784 1558 22  6 72  0  0
 1  0      0 3449068  17488 294360    0    0     0     8 2696 2383 24  6 70  0  0
 1  0      0 3449068  17488 294364    0    0     0     0 3571 3245 25  8 66  0  0
procs -----------memory---------- ---swap-- -----io---- -system-- ------cpu-----
 r  b   swpd   free   buff  cache   si   so    bi    bo   in   cs us sy id wa st
 1  0      0 3449728  17488 294364    0    0     0     0 3495 3038 24  7 69  0  0
 1  0      0 3449208  17496 294364    0    0     0    12 3390 3165 25  7 67  0  0
 1  0      0 3448356  17496 294364    0    0     0     0 3247 3002 26  6 68  0  0
 3  0      0 3450096  17496 294364    0    0     0     0 3056 2790 26  6 69  0  0
 1  0      0 3448540  17496 294364    0    0     0    12 3404 2949 25  7 68  0  0
 1  0      0 3450104  17496 294364    0    0     0     0 2980 2593 24  8 68  0  0
 1  0      0 3449980  17496 294364    0    0     0     0 2308 1798 23  8 69  0  0
 1  0      0 3450020  17504 294364    0    0     0    20 2079 1923 23  6 71  0  0
 2  0      0 3449380  17504 294364    0    0     0     0 2368 1869 25  6 69  0  0
 1  0      0 3450140  17504 294364    0    0     0     0 1125 1001 17  6 77  0  0
 1  0      0 3448448  17504 294364    0    0     0     8 3393 2821 24  7 69  0  0
 1  0      0 3449308  17504 294364    0    0     0     0 2532 2304 25  7 68  0  0
 1  0      0 3448992  17512 294356    0    0     0    20 3533 3122 26  7 67  0  0
 2  0      0 3449016  17512 294300    0    0     0     0 2412 2154 25  7 68  0  0
 1  0      0 3449656  17512 294300    0    0     0     0 2449 2018 25  5 69  0  0
 1  0      0 3448884  17512 294300    0    0     0     4  755  744 15  7 78  0  0
 2  0      0 3449332  17512 294300    0    0     0     4 2642 2117 24  6 70  0  0
 1  0      0 3448780  17512 294300    0    0     0     0 2485 2292 24  7 69  0  0
 1  0      0 3448804  17520 294300    0    0     0    12 2235 1754 25  6 69  0  0
 1  0      0 3449924  17520 294300    0    0     0     0 3109 2741 26  7 67  0  0
 1  0      0 3448752  17520 294300    0    0     0     0 3046 2610 26  5 70  0  0
procs -----------memory---------- ---swap-- -----io---- -system-- ------cpu-----
 r  b   swpd   free   buff  cache   si   so    bi    bo   in   cs us sy id wa st
 1  0      0 3448660  17520 294300    0    0     0     4 3722 3348 24  7 68  0  0
 1  0      0 3449372  17520 294300    0    0     0     0 3650 3181 24  7 69  0  0
 1  0      0 3449100  17528 294300    0    0     0    16 4002 3860 26  8 67  0  0
