procs -----------memory---------- ---swap-- -----io---- -system-- ------cpu-----
 r  b   swpd   free   buff  cache   si   so    bi    bo   in   cs us sy id wa st
 2  0      0 2779744 241376 4158908    0    0   156  2609 1545 3823 17  7 75  1  0
 1  0      0 2875672 241380 4077696    0    0     0  9448 7919 13707  5  6 74 15  0
 0  0      0 2871164 241388 4077960    0    0     0 14680 13471 24929  4  9 71 17  0
 0  1      0 2871164 241392 4078056    0    0     0  6944 6270 10858  1  6 72 20  0
 0  1      0 2869932 241392 4078348    0    0     0 15720 14363 26776  1  6 75 18  0
 0  1      0 2869932 241396 4078640    0    0     0 13248 11991 22324  2  5 77 16  0
 0  0      0 2869680 241396 4078968    0    0     0 18128 15803 30018  2  6 74 18  0
 1  1      0 2864780 241400 4093596    0    0     0 32012 10474 18728  7  8 68 17  0
 1  0      0 2854784 241400 4105224    0    0     0 21560 17743 32605 14 11 67  8  0
 1  0      0 2854124 241400 4105224    0    0     0  2328 18675 35046 19  8 74  0  0
 1  0      0 2854612 241400 4105224    0    0     0  2188 35862 69579 13 10 76  1  0
 1  0      0 2854652 241400 4105216    0    0     0  1908 34380 66548 13 11 76  1  0
 1  0      0 2852356 241400 4105216    0    0     0  6940 32132 62329 13 12 73  1  0
 1  0      0 2852412 241400 4105216    0    0     0  7084 34147 66200 12 11 76  1  0
 1  0      0 2851432 241400 4105220    0    0     0  3884 16272 30194 19  7 73  1  0
 1  0      0 2850668 241400 4105220    0    0     0   136 24245 46288 14  9 76  0  0
 1  0      0 2850612 241400 4105220    0    0     0    56 34217 66123 14 12 74  0  0
 1  0      0 2850676 241400 4105220    0    0     0    76 33514 64782 14 10 75  0  0
 2  0      0 2850676 241400 4105220    0    0     0     0 34328 66841 12 12 76  0  0
 1  0      0 2850964 241400 4105232    0    0     0   528 31404 59624 16  8 76  1  0
 1  0      0 2850740 241400 4105264    0    0     0  5952 24568 45768 16  8 74  3  0
procs -----------memory---------- ---swap-- -----io---- -system-- ------cpu-----
 r  b   swpd   free   buff  cache   si   so    bi    bo   in   cs us sy id wa st
 0  0      0 2850292 241400 4105268    0    0     0   332 28099 53299 18  6 76  0  0
 0  0      0 2852344 241400 4105404    0    0     0   612 13745 25506  9  4 87  0  0
 0  0      0 2852600 241400 4105404    0    0     0   696  410  525  0  0 99  0  0
 0  1      0 2852952 241400 4105444    0    0     0  1832 12744 22888  6  4 88  2  0
 0  0      0 2853004 241400 4105732    0    0     0  1960  906 1411  0  0 99  1  0
 1  0      0 2852528 241400 4105732    0    0     0    36  480  720  0  1 99  0  0
 8  0      0 2855340 241400 4106596    0    0     0  5468 23761 45655 19 12 66  3  0
17  1      0 2841224 241400 4113092    0    0     0 17332 17791 57839 61 27  9  2  0
21  0      0 2838744 241400 4117672    0    0     0 14544 18876 62171 60 30  9  1  0
13  1      0 2837888 241400 4119172    0    0     0  8764 21613 71791 60 32  8  1  0
 9  0      0 2825408 241400 4122828    0    0     0 10936 18414 62209 66 26  7  1  0
17  0      0 2826668 241400 4125288    0    0     0  9624 19570 68659 59 34  6  1  0
12  1      0 2826508 241400 4126876    0    0     0  7604 17644 58344 61 30  9  1  0
13  1      0 2821968 241400 4127252    0    0     0  3936 8436 27566 56 31 11  2  0
12  0      0 2820092 241400 4130540    0    0     0  8840 19144 66726 69 29  2  1  0
13  1      0 2815340 241400 4131780    0    0     0  6836 19744 66307 68 27  4  0  0
11  0      0 2813828 241400 4133360    0    0     0  4812 11349 39765 61 30  8  1  0
13  0      0 2808172 241400 4135420    0    0     0  7032 18798 66554 70 26  4  0  0
14  0      0 2809404 241400 4136312    0    0     0  6420 21716 75908 72 25  3  0  0
14  0      0 2808552 241400 4137184    0    0     0  6324 16917 62253 66 27  5  1  0
15  0      0 2805472 241400 4139992    0    0     0  8292 18814 69336 72 24  4  1  0
procs -----------memory---------- ---swap-- -----io---- -system-- ------cpu-----
 r  b   swpd   free   buff  cache   si   so    bi    bo   in   cs us sy id wa st
13  0      0 2806344 241400 4140924    0    0     0  6372 17549 57849 69 25  5  1  0
12  0      0 2805324 241400 4142360    0    0     0  7136 15789 54485 68 24  8  1  0
13  0      0 2804840 241400 4144348    0    0     0 14104 19609 65014 75 22  3  0  0
16  1      0 2804008 241400 4145092    0    0     0  7268 19847 71015 73 24  3  1  0
14  0      0 2799344 241400 4146984    0    0     0  8220 20542 73407 72 25  3  1  0
12  0      0 2798724 241400 4149884    0    0     0  8944 18739 63348 69 26  4  1  0
15  0      0 2799200 241400 4150988    0    0     0  7536 19228 66377 69 27  3  1  0
16  1      0 2795068 241400 4152920    0    0     0  8472 19344 69629 64 29  6  1  0
12  0      0 2791756 241400 4153968    0    0     0  7284 18806 60767 67 28  5  1  0
16  1      0 2798160 241400 4154672    0    0     0  8344 16538 53038 68 25  6  1  0
14  0      0 2791132 241400 4157908    0    0     0 11024 19951 69164 67 27  6  1  0
15  0      0 2788684 241400 4158616    0    0     0  6904 18271 63353 67 28  5  0  0
15  0      0 2786088 241400 4160856    0    0     0  9400 23175 79874 68 26  5  1  0
14  0      0 2783944 241404 4161580    0    0     0  7308 17722 61539 68 26  5  1  0
11  0      0 2784820 241404 4162420    0    0     0  6740 21641 72722 73 24  3  0  0
16  2      0 2786344 241404 4163404    0    0     0  6824 18454 59433 70 25  4  0  0
14  0      0 2778624 241404 4171360    0    0     0 14412 20216 68859 66 28  6  1  0
13  0      0 2776620 241408 4174524    0    0     0 18692 19377 64142 72 24  4  0  0
24  0      0 2770192 241412 4176236    0    0     0  8096 17735 58315 64 28  7  1  0
16  0      0 2766052 241412 4181664    0    0     0 12328 10818 37357 64 30  4  2  0
23  0      0 2764696 241412 4182212    0    0     0  6248 11085 33719 68 28  4  1  0
procs -----------memory---------- ---swap-- -----io---- -system-- ------cpu-----
 r  b   swpd   free   buff  cache   si   so    bi    bo   in   cs us sy id wa st
14  0      0 2765916 241412 4182972    0    0     0  6460 14752 46697 70 25  5  1  0
15  1      0 2764568 241412 4183620    0    0     0  6032 14232 46625 66 26  7  2  0
15  0      0 2765316 241412 4184368    0    0     0  6628 15202 48113 69 25  6  1  0
13  0      0 2762316 241412 4184756    0    0     0  4560 16616 52061 74 24  2  0  0
14  0      0 2764040 241412 4185416    0    0     0  5276 15517 50217 70 25  5  1  0
16  0      0 2756696 241412 4186204    0    0     0  6216 15797 50619 68 28  3  0  0
19  1      0 2759996 241412 4186588    0    0     0  4332 8658 26944 59 32  5  4  0
15  0      0 2758728 241416 4187408    0    0     0  6032 11727 36764 64 27  7  2  0
12  1      0 2761748 241416 4187612    0    0     0  3220 7273 23539 57 32  9  2  0
13  2      0 2756976 241416 4187912    0    0     0  4088 10436 32882 58 33  8  1  0
14  1      0 2759728 241416 4188136    0    0     0  2332 4001 12481 52 35 12  1  0
11  1      0 2757432 241416 4188848    0    0     0  5608 14021 42762 66 27  6  1  0
13  0      0 2756452 241416 4189284    0    0     0  7428 9834 30850 63 30  5  2  0
14  1      0 2757188 241416 4190396    0    0     0  5732 12894 37890 66 28  5  1  0
11  0      0 2754408 241416 4190896    0    0     0  5792 9597 29865 60 31  8  1  0
20  3      0 2753096 241416 4191248    0    0     0  3344 11310 36218 59 32  7  2  0
15  0      0 2752460 241416 4191616    0    0     0  1964 2971 11041 54 34 10  1  0
27  1      0 2755740 241416 4192024    0    0     0  5040 13418 44780 68 28  4  0  0
18  0      0 2754228 241416 4193432    0    0     0  5104 8073 25171 60 32  7  1  0
26  0      0 2753116 241416 4193784    0    0     0  3980 9233 28695 70 26  4  1  0
11  1      0 2751252 241416 4194516    0    0     0  5588 16261 50356 72 23  5  1  0
procs -----------memory---------- ---swap-- -----io---- -system-- ------cpu-----
 r  b   swpd   free   buff  cache   si   so    bi    bo   in   cs us sy id wa st
13  0      0 2751764 241416 4196176    0    0     0  6584 16579 52347 72 24  4  1  0
15  0      0 2749700 241416 4196896    0    0     0  5912 15685 52802 73 24  3  0  0
15  1      0 2751964 241416 4197708    0    0     0  6516 16062 52152 69 26  4  1  0
 0  0      0 2744572 241416 4199604    0    0     0  6588 12886 38291 55 17 27  0  0
