procs -----------memory---------- ---swap-- -----io---- -system-- ------cpu-----
 r  b   swpd   free   buff  cache   si   so    bi    bo   in   cs us sy id wa st
 4  0      0 3533608  21868 296724    0    0    11     3  372  446  6  2 92  0  0
 0  0      0 3508748  21868 296656    0    0     0     0  986 1323  0  1 98  0  0
 0  0      0 3508748  21868 296656    0    0     0     0   34   31  0  0 100  0  0
 0  0      0 3506228  21868 296656    0    0     0     0  171  267  0  0 100  0  0
 0  0      0 3506228  21868 296656    0    0     0     0  148  265  0  0 100  0  0
 0  0      0 3505052  21876 296656    0    0     0   940 1287 1542  0  1 99  0  0
 0  0      0 3501836  21876 296656    0    0     0    12  727  969  0  0 99  0  0
 0  0      0 3501868  21876 296656    0    0     0     0   42   29  0  0 100  0  0
 0  0      0 3499880  21876 296656    0    0     0     0 1228 1502  0  2 98  0  0
 0  0      0 3499888  21876 296656    0    0     0     0   24   22  0  0 100  0  0
 2  0      0 3474832  21884 296656    0    0     0    48 5897 7331 13  5 82  0  0
 1  0      0 3452940  21884 296516    0    0     0     4 11018 12948 30  9 62  0  0
 1  0      0 3447856  21884 296520    0    0     0     0 11718 13900 31 10 59  0  0
 1  0      0 3443416  21884 296524    0    0     0     0 12037 13760 29  9 62  0  0
 1  0      0 3437368  21884 296528    0    0     0     0 12658 15051 31 10 59  0  0
 1  0      0 3430584  21892 296532    0    0     0    76 13049 15649 32 10 58  0  0
 3  0      0 3426268  21892 296516    0    0     0     0 12694 15321 31 10 59  0  0
 2  0      0 3425032  21892 296552    0    0     0     4 12048 14659 34  8 58  0  0
 1  0      0 3420564  21892 296572    0    0     0     0 11694 14368 33  8 59  0  0
 2  0      0 3419340  21892 296608    0    0     0     0 12782 15979 33 11 57  0  0
 1  0      0 3415740  21900 296608    0    0     0    44 11806 14933 33  9 58  0  0
procs -----------memory---------- ---swap-- -----io---- -system-- ------cpu-----
 r  b   swpd   free   buff  cache   si   so    bi    bo   in   cs us sy id wa st
 1  0      0 3413700  21900 296660    0    0     0     0 12955 16138 32 10 58  0  0
 1  0      0 3414328  21900 296680    0    0     0     0 11832 14940 34  9 57  0  0
 4  0      0 3412776  21900 296684    0    0     0     4 12464 14802 33  8 59  0  0
 1  0      0 3410400  21900 296684    0    0     0     0 13080 16001 33 10 58  0  0
 1  0      0 3408512  21908 296680    0    0     0    20 12993 15345 30  9 61  0  0
 2  0      0 3405084  21908 296692    0    0     0    24 11941 14407 32 10 57  0  0
 0  0      0 3404520  21908 296696    0    0     0     0 11274 13446 34  8 58  0  0
 1  0      0 3401612  21908 296716    0    0     0     0 12607 15148 33  9 58  0  0
 1  0      0 3398956  21908 296732    0    0     0     4 12200 14776 32  8 60  0  0
 3  0      0 3395248  21916 296748    0    0     0    48 12400 15189 33  8 59  0  0
 1  0      0 3393868  21916 296788    0    0     0    60 12066 14854 34  8 58  0  0
 1  0      0 3394144  21916 296824    0    0     0     8 12656 15959 33 12 56  0  0
 1  0      0 3390548  21916 296828    0    0     0     0 13074 15401 32 10 58  0  0
 3  0      0 3390128  21916 296832    0    0     0     0 12797 15430 32  9 59  0  0
 1  0      0 3388716  21916 296836    0    0     0     4 13325 15834 32  9 59  0  0
 1  0      0 3387004  21924 296844    0    0     0    44 12334 14854 32  9 59  0  0
 1  0      0 3385796  21924 296868    0    0     0     0 11655 14206 33  9 58  0  0
 3  0      0 3384108  21924 296908    0    0     0     0 11841 14688 35  9 56  0  0
 1  0      0 3382780  21924 296912    0    0     0     0 12167 14862 34  8 58  0  0
 3  0      0 3381192  21924 296932    0    0     0     0 13058 16197 33  7 59  0  0
 4  0      0 3381340  21936 296940    0    0     0    52 12455 15217 33  9 58  0  0
procs -----------memory---------- ---swap-- -----io---- -system-- ------cpu-----
 r  b   swpd   free   buff  cache   si   so    bi    bo   in   cs us sy id wa st
 4  0      0 3378988  21936 296956    0    0     0     0 12183 14905 33 10 57  0  0
 1  0      0 3378152  21936 296968    0    0     0     0 12374 15240 33 10 57  0  0
 1  0      0 3377132  21936 296992    0    0     0     0 11599 14292 35  9 56  0  0
 1  0      0 3376228  21936 296996    0    0     0     0 13062 16010 33  9 58  0  0
 4  0      0 3373780  21948 297020    0    0     0    64 12359 15220 36  9 56  0  0
 1  0      0 3374444  21948 297020    0    0     0     8 10864 13165 32  9 59  0  0
 1  0      0 3372648  21948 297024    0    0     0     0 12327 15262 34  9 57  0  0
 1  0      0 3372568  21948 297028    0    0     0     0 12532 15067 34  8 58  0  0
 2  0      0 3372156  21948 297016    0    0     0     0 12917 16042 34  9 56  0  0
 3  0      0 3372096  21960 296988    0    0     0    32 12387 14876 35  7 58  0  0
 1  0      0 3373448  21960 296992    0    0     0    20 12299 15276 34  9 57  0  0
 2  0      0 3372404  21960 296988    0    0     0     4 9947 12311 34  8 58  0  0
 1  0      0 3374424  21960 296960    0    0     0     0 11337 13695 33 10 58  0  0
 1  0      0 3373568  21960 296964    0    0     0     0 14372 17523 35  9 57  0  0
 2  0      0 3372868  21972 296964    0    0     0    44 13571 17159 34  8 58  0  0
 1  0      0 3373776  21972 296920    0    0     0   196 11676 14156 33  8 58  0  0
 2  0      0 3374060  21972 296924    0    0     0     0 11912 14864 34  7 59  0  0
 1  0      0 3373764  21972 296924    0    0     0     4 12347 14836 35  9 56  0  0
 2  0      0 3375324  21972 296928    0    0     0     0 11985 14725 33  9 58  0  0
 1  0      0 3373864  21984 296936    0    0     0    36 12945 15264 33  8 58  0  0
 2  0      0 3374104  21984 296956    0    0     0    20 12467 15332 35 10 55  0  0
procs -----------memory---------- ---swap-- -----io---- -system-- ------cpu-----
 r  b   swpd   free   buff  cache   si   so    bi    bo   in   cs us sy id wa st
 3  0      0 3374344  21984 296976    0    0     0     0 12787 15704 33  9 58  0  0
 1  0      0 3373584  21984 296944    0    0     0     0 12824 15827 31  9 60  0  0
 1  0      0 3373832  21984 296948    0    0     0     4 12898 15263 33 10 57  0  0
 2  0      0 3373712  21996 296952    0    0     0    48 13283 16074 33 10 57  0  0
 2  0      0 3373140  21996 296972    0    0     0    20 12951 16009 33 10 57  0  0
 4  0      0 3372712  21996 296976    0    0     0     0 12600 15155 33  9 58  0  0
 1  0      0 3372888  21996 296976    0    0     0     0 12845 15644 35  8 57  0  0
 4  0      0 3373428  21996 296988    0    0     0     0 29496 69421 40 16 44  0  0
 0  0      0 3534532  22008 296908    0    0     0    72 24857 48303 23 13 64  0  0
