procs -----------memory---------- ---swap-- -----io---- -system-- ------cpu-----
 r  b   swpd   free   buff  cache   si   so    bi    bo   in   cs us sy id wa st
 4  0      0 229276 242892 6349100    0    0    24  1336 1111  435 12  9 77  2  0
 0  1      0 357464 242892 6229696    0    0     4 19608 14869 28366  2 12 69 17  0
 1  0      0 353460 242892 6230032    0    0     0 16524 15269 28760  1  6 75 19  0
 0  1      0 353460 242892 6230520    0    0     0 19872 17341 33414  1  5 75 19  0
 0  1      0 341444 242892 6242852    0    0     0 38136 16290 31177  2  6 73 19  0
 1  0      0 290300 242892 6265932    0    0     8 48104 21213 38962  9  8 67 15  0
 1  0      0 288964 242892 6266256    0    0    36  5252 8383 15222  2  3 92  3  0
 0  0      0 289068 242892 6266260    0    0     0  3416  630 1139  0  1 98  1  0
 0  1      0 288844 242892 6266500    0    0     0  8676 5747 10150  2  2 93  3  0
 0  2      0 288844 242892 6266480    0    0     0  1964  510  874  0  1 98  1  0
 4  3      0 282212 242892 6266612    0    0     0  4532 7005 13202  5  3 90  2  0
15  1      0 269532 242892 6277216    0    0     0 31348 18086 95527 38 36 20  6  0
13  4      0 271308 242892 6283072    0    0     0 20016 16737 71502 40 37 18  5  0
13  1      0 252264 242892 6291088    0    0     0 21136 17287 87980 43 39 14  5  0
16  2      0 281936 242892 6260124    0    0     0 42272 18593 92952 42 39 15  5  0
17  1      0 272360 242892 6266504    0    0     0 21380 17366 94056 44 41 12  4  0
15  2      0 267528 242892 6272756    0    0     0 26392 17074 91636 42 40 13  5  0
 8  2      0 250568 242892 6282600    0    0     0 23676 16840 98471 48 38 11  3  0
15  1      0 241844 242892 6286288    0    0     0 17304 15524 96785 45 40 11  4  0
18  1      0 240204 242892 6289120    0    0     0 17840 16394 98753 45 41 11  3  0
10  1      0 226524 242892 6297916    0    0     0 22676 15081 108715 44 42 10  5  0
procs -----------memory---------- ---swap-- -----io---- -system-- ------cpu-----
 r  b   swpd   free   buff  cache   si   so    bi    bo   in   cs us sy id wa st
13  1      0 225964 242892 6300932    0    0     0 17972 16124 118792 48 40  9  3  0
19  1      0 222692 242892 6303072    0    0     0 17172 15102 104815 45 40 10  4  0
13  1      0 217776 242892 6305928    0    0     0 17704 15277 126704 46 40 11  3  0
13  0      0 213064 242892 6308452    0    0     0 26392 15826 106665 45 42  9  4  0
18  0      0 212836 242892 6311000    0    0     0 18432 16604 98377 49 40  8  3  0
19  0      0 199064 242896 6320064    0    0     0 36404 16374 91364 43 40 13  4  0
11  1      0 203360 242896 6323484    0    0     0 20580 16413 88089 43 40 12  5  0
14  1      0 192788 242896 6327484    0    0     0 19364 15582 95862 47 39 11  4  0
17  1      0 187900 242896 6332884    0    0     0 19692 15960 90980 45 41 10  5  0
20  1      0 174436 242896 6345916    0    0     0 25652 16612 98178 45 40 10  5  0
14  0      0 165116 242896 6350604    0    0     0 24768 16623 106069 44 41 11  4  0
18  1      0 164848 242896 6356728    0    0     0 21880 15943 108539 45 42  9  4  0
16  1      0 159704 242896 6368740    0    0     0 25836 17034 93809 43 42 10  4  0
 8  1      0 155528 242864 6362836    0    0    48 19488 15984 114385 45 40 11  4  0
14  2      0 154776 242860 6367516    0    0   468 28928 17515 83788 40 42 13  5  0
10  0      0 155708 242820 6371364    0    0     0 51508 17261 96067 46 38 12  4  0
10  1      0 154692 242788 6361024    0    0   232 16604 14557 90317 48 39 10  3  0
 6  3      0 154092 242788 6367396    0    0     0 21908 15916 86746 45 38 12  4  0
10  1      0 149672 242796 6370592    0    0   500 19560 15537 94471 46 41  9  5  0
14  1      0 154264 242784 6365392    0    0     0 22300 16222 93123 43 42 10  5  0
10  1      0 158392 242776 6363324    0    0   460 27044 16118 89758 44 41 10  4  0
procs -----------memory---------- ---swap-- -----io---- -system-- ------cpu-----
 r  b   swpd   free   buff  cache   si   so    bi    bo   in   cs us sy id wa st
12  2      0 150568 242776 6366008    0    0     0 19060 15112 100440 48 39 10  3  0
19  1      0 144996 242752 6367964    0    0   128 22732 15045 98400 46 41  9  4  0
11  1      0 148272 242740 6368200    0    0     0 18432 15982 93068 42 42 11  5  0
11  0      0 150004 242724 6366600    0    0   356 18544 15466 94822 46 40  9  5  0
18  1      0 146908 242604 6362748    0    0     0 18132 16658 108707 47 41  9  3  0
12  1      0 144616 242604 6365080    0    0    12 20252 13887 93763 48 42  7  3  0
 8  1      0 144044 242604 6367300    0    0     0 17184 15003 91811 46 42  9  3  0
15  1      0 143440 242604 6369604    0    0     0 18240 15978 96148 44 39 12  4  0
11  1      0 145392 242468 6371924    0    0     0 22352 15771 105528 45 42  9  3  0
14  1      0 144500 242324 6369964    0    0     0 18988 16927 88343 41 44 12  4  0
14  2      0 145692 242324 6372360    0    0     0 20940 15707 104610 45 40 10  5  0
14  4      0 144524 242324 6374876    0    0     4 16612 14391 95574 45 40 10  5  0
12  1      0 145148 241736 6369352    0    0     0 20632 13840 103440 47 38 11  5  0
 9  2      0 141008 241576 6367536    0    0    40 18296 17378 95003 41 43 12  3  0
 9  2      0 147036 241256 6364848    0    0    28 17520 16231 117985 51 40  7  2  0
 7  3      0 146584 241256 6366872    0    0     4 25172 15448 99391 46 39 12  4  0
10  1      0 144512 241256 6373016    0    0     0 19616 13896 92150 50 38  9  3  0
10  1      0 143596 240996 6375276    0    0     4 19620 15697 98232 45 41 10  4  0
 9  1      0 144320 240728 6375572    0    0    28 19012 15851 96577 44 39 11  5  0
13  1      0 141668 240432 6375460    0    0    16 20452 16117 91997 44 39 11  6  0
19  0      0 142632 240140 6379904    0    0     4 30304 16216 104944 49 37 10  4  0
procs -----------memory---------- ---swap-- -----io---- -system-- ------cpu-----
 r  b   swpd   free   buff  cache   si   so    bi    bo   in   cs us sy id wa st
15  1      0 141012 239844 6379812    0    0     8 19216 14677 108174 50 40  7  2  0
12  1      0 141372 239680 6375948    0    0    28 44728 16366 102447 45 39 12  4  0
16  0      0 139040 239540 6374772    0    0    20 19132 16745 95063 46 41 10  3  0
14  0      0 135224 239244 6377936    0    0    16 25244 17387 96049 41 40 14  4  0
15  0      0 134452 239244 6380532    0    0     0 23324 15879 103012 46 42  8  4  0
13  0      0 135056 238948 6382504    0    0    16 23136 16337 95186 44 41 12  3  0
 8  0      0 131456 238948 6385596    0    0     0 19720 15515 92743 45 40 10  5  0
 0  1      0 130324 238652 6382976    0    0    16 18144 15326 91885 42 37 16  5  0
 0  1      0 159612 238564 6378588    0    0   108  5908 1572 2572  0  2 96  2  0
 2  1      0 145312 238568 6383268    0    0  5312  6152 2615 4696  2  3 93  2  0
