procs -----------memory---------- ---swap-- -----io---- -system-- ------cpu-----
 r  b   swpd   free   buff  cache   si   so    bi    bo   in   cs us sy id wa st
 3  0      0 3063000  36540 705408    0    0     6    20  217  269  3  1 96  0  0
 0  0      0 3036096  36540 705432    0    0     0     0  775 1173  1  1 99  0  0
 0  0      0 3029908  36540 705280    0    0     0     0 1826 2414  1  1 99  0  0
 0  0      0 3029908  36540 705280    0    0     0     0   42   41  0  0 100  0  0
 0  0      0 3026968  36540 705280    0    0     0     0 1135 1549  0  1 99  0  0
 0  0      0 3026968  36548 705280    0    0     0  1024  110  163  0  0 100  1  0
 3  0      0 3000684  36548 705280    0    0     0     0 5437 7183 10  3 87  0  0
 1  0      0 2974424  36548 705076    0    0     0     0 12245 13586 35 11 54  0  0
 3  0      0 2964248  36548 705084    0    0     0     0 12573 14400 36 11 53  0  0
 1  0      0 2955484  36548 705096    0    0     0     0 13096 14853 36 12 52  0  0
 1  0      0 2944092  36556 705100    0    0     0    80 12301 14057 38 10 52  0  0
 3  0      0 2936772  36556 705144    0    0     0    48 12500 14181 39  9 52  0  0
 2  0      0 2930144  36556 705212    0    0     0     0 12304 14023 36 10 54  0  0
 2  0      0 2921604  36556 705268    0    0     0     0 12247 13657 39 11 50  0  0
 3  0      0 2920016  36556 705308    0    0     0     0 12729 14599 39 10 51  0  0
 1  0      0 2915520  36564 705332    0    0     0    20 12606 14396 39 10 51  0  0
 3  0      0 2912800  36564 705368    0    0     0    44 13562 15107 39 10 51  0  0
 4  0      0 2907388  36564 705392    0    0     0     4 13234 14643 38 10 53  0  0
 1  0      0 2900836  36564 705436    0    0     0     0 13401 15328 39 11 50  0  0
 1  0      0 2894076  36564 705488    0    0     0     0 13063 14526 42 10 49  0  0
 2  0      0 2892100  36572 705512    0    0     0    32 12249 14114 38 10 52  0  0
procs -----------memory---------- ---swap-- -----io---- -system-- ------cpu-----
 r  b   swpd   free   buff  cache   si   so    bi    bo   in   cs us sy id wa st
 2  0      0 2889216  36572 705536    0    0     0    44 12480 13961 40  9 51  0  0
 5  0      0 2884004  36572 705592    0    0     0     0 11664 13015 40 10 50  0  0
 2  0      0 2879356  36572 705616    0    0     0     4 13423 15079 37 11 52  0  0
 4  0      0 2875724  36572 705656    0    0     0     0 12931 14605 40 10 50  0  0
 3  0      0 2874072  36580 705668    0    0     0    20 12725 14392 41  8 50  0  0
 2  0      0 2865840  36580 705680    0    0     0     0 13672 15026 41 10 49  0  0
 1  0      0 2866000  36580 705704    0    0     0    40 12948 14668 41  9 50  0  0
 1  0      0 2861316  36580 705712    0    0     0     0 12804 14502 37 11 53  0  0
 3  0      0 2861008  36580 705748    0    0     0     4 13187 14925 41  9 50  0  0
 4  0      0 2857356  36592 705804    0    0     0    52 12540 14533 37 12 50  0  0
 4  0      0 2851180  36592 705852    0    0     0     0 12338 13567 41 10 49  0  0
 2  0      0 2850396  36592 705900    0    0     0    68 12046 13860 40 10 50  0  0
 4  0      0 2848948  36592 705968    0    0     0     0 12406 14041 39 11 50  0  0
 1  0      0 2845436  36592 706044    0    0     0     0 13066 14982 40 11 50  0  0
 1  0      0 2844692  36600 706084    0    0     0    36 13489 15472 39 11 50  0  0
 2  0      0 2840392  36600 706176    0    0     0     0 13511 15066 39 11 50  0  0
 4  0      0 2839832  36600 706224    0    0     0   164 12132 13678 38 11 51  0  0
 2  0      0 2837508  36600 706280    0    0     0     0 12662 14514 39 11 50  0  0
 4  0      0 2837808  36600 706328    0    0     0     0 11569 13001 40 10 50  0  0
 2  0      0 2835812  36612 706416    0    0     0    52 12947 14638 38 10 52  0  0
 4  0      0 2833232  36612 706508    0    0     0     4 12360 13979 39 11 50  0  0
procs -----------memory---------- ---swap-- -----io---- -system-- ------cpu-----
 r  b   swpd   free   buff  cache   si   so    bi    bo   in   cs us sy id wa st
 1  0      0 2830800  36612 706548    0    0     0   180 12254 13589 42 11 48  0  0
 1  0      0 2827148  36612 706588    0    0     0     0 13102 15001 38 11 51  0  0
 5  0      0 2824048  36612 706672    0    0     0     0 13255 14732 40  9 51  0  0
 4  0      0 2824104  36624 706700    0    0     0    28 13610 15050 40  9 50  0  0
 1  0      0 2822252  36624 706768    0    0     0     0 13534 14898 42 10 48  0  0
 3  0      0 2818980  36624 706848    0    0     0   192 13537 15142 41 11 48  0  0
 1  0      0 2817504  36624 706932    0    0     0     0 12921 14752 38 12 51  0  0
 1  0      0 2817636  36624 707000    0    0     0     0 13681 15289 40 10 50  0  0
 3  0      0 2814844  36632 707048    0    0     0    48 12259 14155 41  9 50  0  0
 2  0      0 2815084  36632 707088    0    0     0     0 12367 14055 39  9 52  0  0
 3  0      0 2814024  36632 707124    0    0     0   176 11914 13621 39 11 50  0  0
 5  0      0 2812548  36632 707156    0    0     0     4 12847 14489 43 10 47  0  0
 4  0      0 2808696  36632 707224    0    0     0     0 12671 14342 41 11 48  0  0
 2  0      0 2808024  36640 707280    0    0     0    20 12970 14573 41 11 48  0  0
 4  0      0 2808908  36640 707372    0    0     0     0 11949 13784 41 10 49  0  0
 3  0      0 2807668  36640 707444    0    0     0   180 12103 13673 39  9 52  0  0
 1  0      0 2806108  36640 707480    0    0     0     0 12628 14637 40  9 51  0  0
 4  0      0 2805648  36640 707532    0    0     0     4 13193 15092 39 12 49  0  0
 2  0      0 2802300  36652 707580    0    0     0    40 14295 15956 39 11 50  0  0
 2  0      0 2801968  36652 707640    0    0     0     0 12767 14033 41 10 50  0  0
 4  0      0 2799136  36652 707668    0    0     0     0 11752 13067 40 11 49  0  0
procs -----------memory---------- ---swap-- -----io---- -system-- ------cpu-----
 r  b   swpd   free   buff  cache   si   so    bi    bo   in   cs us sy id wa st
 1  0      0 2798920  36652 707688    0    0     0     0 13589 15008 41 11 48  0  0
 5  0      0 2798696  36652 707708    0    0     0     0 14490 15779 42 11 47  0  0
 3  0      0 2805016  36660 707724    0    0     0    16 13912 15204 39 12 49  0  0
 3  0      0 2810904  36660 707748    0    0     0     0 24908 40630 41 15 44  0  0
 0  0      0 3058104  36660 706404    0    0     0     8 23693 45737 24 12 65  0  0
