procs -----------memory---------- ---swap-- -----io---- -system-- ------cpu-----
 r  b   swpd   free   buff  cache   si   so    bi    bo   in   cs us sy id wa st
 2  0      0 7137548  18892 375860    0    0   713    61  122  207  1  2 97  0  0
 0  1      0 7086360  22064 391464    0    0  3944 45828 21283 39860  5  8 77 11  0
 1  0      0 7052804  22624 407116    0    0  6840 14976 17647 32524  8  6 84  2  0
 0  0      0 7052804  22784 406984    0    0     0  2880  632 1076  0  1 98  1  0
 0  0      0 7052656  23000 407296    0    0     0  4628 3901 6697  1  2 95  1  0
 0  0      0 7052656  23296 407148    0    0     0  6976 1126 2137  0  1 97  2  0
 1  0      0 7054768  23448 407488    0    0     0  2520 3595 6069  2  2 95  1  0
 8  0      0 7016676  24320 416960    0    0     0 17452 19482 47753 41 24 33  2  0
 7  0      0 6995132  24584 425224    0    0     0 10568 19623 48280 46 27 27  1  0
 6  0      0 6977180  24904 432488    0    0     0 10148 20479 50091 47 31 22  1  0
 9  0      0 6966808  25280 443780    0    0     0 14964 19102 68557 44 31 24  1  0
11  0      0 6951552  25704 448168    0    0   144  9816 19448 46710 42 30 27  1  0
 4  0      0 6936720  26456 457068    0    0     0 18008 19305 47090 46 30 23  2  0
13  0      0 6926676  26952 462224    0    0     0 10036 19334 54083 46 28 25  1  0
 6  0      0 6906372  27464 469036    0    0     0 12404 19306 46729 47 29 23  1  0
 7  0      0 6904924  28136 472736    0    0     0 12316 19686 47339 43 31 24  2  0
 7  0      0 6889852  28768 480980    0    0     0 15072 21171 50269 46 29 24  1  0
 4  0      0 6840960  29928 491048    0    0     0 25448 19731 49313 44 33 20  2  0
 6  0      0 6820164  30464 502884    0    0     4 17152 21171 50849 47 30 22  1  0
 4  0      0 6809768  30952 511916    0    0     0 15580 19936 48947 44 32 22  1  0
10  0      0 6795780  31744 523104    0    0     0 21152 19984 48192 44 30 23  2  0
procs -----------memory---------- ---swap-- -----io---- -system-- ------cpu-----
 r  b   swpd   free   buff  cache   si   so    bi    bo   in   cs us sy id wa st
 9  0      0 6783368  32228 531252    0    0     4 20628 18786 46518 46 28 24  1  0
 7  0      0 6775884  33180 534636    0    0     0 16268 18727 46515 45 33 21  2  0
 9  0      0 6760008  33768 542936    0    0     0 15076 20095 55433 46 30 23  1  0
 6  0      0 6756252  34456 546448    0    0     0 12708 19516 47044 47 27 23  2  0
 7  0      0 6740708  34976 554244    0    0     0 14368 18623 44548 46 29 24  1  0
 6  0      0 6737140  35472 557832    0    0     0  9772 20958 49779 48 29 22  1  0
10  0      0 6729288  36264 565788    0    0     0 19184 19891 46494 44 33 21  2  0
12  0      0 6718896  37256 570004    0    0     0 18648 18686 43980 43 32 22  2  0
13  0      0 6706732  38216 578100    0    0     0 21168 20356 48117 48 28 22  2  0
 6  0      0 6697652  38688 582452    0    0   156  9796 20192 50612 46 29 23  1  0
17  0      0 6693112  39368 590348    0    0     0 17652 19739 49362 47 29 22  2  0
10  0      0 6678468  40104 593776    0    0    84 12452 18919 46707 46 31 22  2  0
 9  0      0 6673412  40928 601696    0    0     0 20496 20087 47589 45 32 21  2  0
 5  0      0 6655416  41508 610572    0    0    72 18816 19521 47602 46 29 24  2  0
10  0      0 6650124  41988 614960    0    0   248 13380 20649 56784 43 32 24  2  0
10  0      0 6639196  42604 624172    0    0   416 18844 20982 49014 43 30 25  2  0
10  0      0 6633668  43068 626624    0    0     0 23104 19649 49332 45 30 24  2  0
 6  0      0 6627772  43596 636968    0    0   204 22604 19623 50995 43 31 24  2  0
 9  0      0 6621604  43980 642080    0    0     0 17204 18391 45222 45 30 24  2  0
13  0      0 6609700  44352 647060    0    0   172 16940 18890 44505 46 29 24  2  0
 9  0      0 6612256  44704 648032    0    0     0 13608 20063 46831 44 31 23  2  0
procs -----------memory---------- ---swap-- -----io---- -system-- ------cpu-----
 r  b   swpd   free   buff  cache   si   so    bi    bo   in   cs us sy id wa st
 4  0      0 6604328  45136 652876    0    0   148 17648 19178 53100 44 32 22  1  0
 7  0      0 6604372  45572 653960    0    0     0 12328 20530 46301 47 29 22  1  0
16  0      0 6593580  46060 659044    0    0    36 18308 19480 46411 45 31 23  1  0
13  0      0 6591724  46564 664588    0    0     0 19392 21281 47885 43 33 22  2  0
10  0      0 6586752  47016 665488    0    0     0 14136 19743 46544 46 30 23  2  0
 9  0      0 6584328  47464 670648    0    0     0 19852 19883 46135 45 31 23  1  0
14  0      0 6578800  47876 671136    0    0     0 14116 19825 46627 44 32 22  2  0
 8  0      0 6574312  48376 677352    0    0     0 19028 19623 47029 43 32 23  1  0
 7  0      0 6569176  48732 683116    0    0     0 17816 19737 46983 45 29 25  1  0
10  0      0 6562368  49200 684000    0    0     0 14184 18124 43944 43 30 25  2  0
 9  0      0 6564964  49816 684896    0    0     0 22588 18602 42950 42 31 25  2  0
 9  0      0 6557744  50252 689552    0    0     0 17332 19321 47096 45 30 24  1  0
 5  0      0 6549928  50732 694368    0    0     0 16940 20128 48336 45 30 23  2  0
10  0      0 6547932  51104 695224    0    0     0 13284 19922 46164 46 30 23  1  0
 8  0      0 6540964  51540 700088    0    0     0 18868 18500 45737 45 31 23  1  0
 5  0      0 6542572  51944 700944    0    0     0 13184 19500 45859 43 30 25  2  0
13  0      0 6537832  52444 706712    0    0     4 19548 18883 45856 44 31 22  2  0
 7  0      0 6530708  52836 707588    0    0    56 13124 20303 47454 44 30 25  2  0
13  0      0 6528936  53224 712860    0    0     0 17952 19432 45562 45 32 23  1  0
14  0      0 6526768  53728 713464    0    0     0 16052 19777 45523 44 30 24  2  0
 6  0      0 6520696  54224 718380    0    0     0 22168 19399 43156 42 32 24  2  0
procs -----------memory---------- ---swap-- -----io---- -system-- ------cpu-----
 r  b   swpd   free   buff  cache   si   so    bi    bo   in   cs us sy id wa st
 9  0      0 6519696  54732 723024    0    0     0 18924 18615 42479 48 26 24  2  0
 6  0      0 6514556  55188 723972    0    0     4 12248 20660 44534 43 32 23  2  0
13  0      0 6511224  55668 724784    0    0     0 14260 19322 50453 48 28 23  1  0
 6  0      0 6505408  56096 729240    0    0     0 18212 20191 44241 44 31 24  1  0
 1  0      0 6507556  56284 729552    0    0     0 10488 2950 4733  1  3 93  3  0
 2  0      0 6511356  56424 728140    0    0     0 16684 2767 5041  2  3 93  2  0
